874
5859
2645
9914
8389
3796
467
7058
3887
1856
9535
4510
7534
1824
8286
8940
9684
1789
5965
2176
6015
5450
1648
6886
1672
1897
2067
973
1246
1738
2108
164
5298
6150
8167
8783
5513
2377
8535
6596
2955
1630
5245
9381
2423
919
1088
8522
4419
7586
2677
9073
3306
6963
3934
4679
1876
8620
5793
7591
9616
352
4943
1085
1434
3487
7182
8827
3329
1746
6312
4721
6960
3348
2260
2715
4915
2825
8291
1455
9309
5491
5756
6579
4898
7711
7169
8664
9415
8183
9440
3817
9993
8293
6529
820
5137
9143
6480
537
5840
7902
5430
9956
5181
9173
7236
2725
5192
2360
2200
5456
5054
2169
1449
5929
2562
5006
6789
3311
4698
7697
8136
3218
6504
5802
1516
5966
7580
2720
7287
4930
482
3216
8335
3352
8939
60
8844
2950
3168
87
9660
7311
6943
4717
9427
2678
5657
1458
8797
9020
9197
5534
2083
3848
7101
8229
3966
6966
8041
4946
950
269
4614
5056
6886
4329
5778
3518
1733
2732
1766
6569
8407
178
1085
2375
1064
296
3412
2205
2597
6754
4558
7571
3208
3755
3631
4001
2385
4316
7513
2441
9156
7230
1183
370
6877
8580
6985
5208
3892
9485
9540
6237
4686
9759
7044
9387
9867
5572
527
3948
1106
6837
3382
8249
5854
5423
4733
1343
9813
3733
8471
6678
6664
6979
4369
4760
4616
6265
5195
7361
6315
4201
7460
3298
9541
921
1310
3807
7532
8761
8227
1051
7549
8740
4750
2677
132
3136
7365
1529
163
234
8978
1826
9550
6337
6115
1348
4815
7815
3965
9745
1632
2333
2535
6064
7769
9019
9092
9041
342
1875
2250
723
518
4833
9890
7752
587
9479
5940
9432
7196
8219
4973
4862
786
128
5820
2859
3404
1146
8906
3989
8206
2037
5872
7520
4113
999
9088
2776
9619
4480
9316
3418
3143
6151
8117
8372
2530
8500
4873
6212
1824
846
5046
2139
1529
2257
7420
4840
4067
5565
4908
2399
3465
1017
6540
6082
2563
1772
3941
1494
9863
1103
2480
5285
5269
8164
3637
4937
2797
5408
4231
4130
4283
3164
5587
9680
5267
956
1789
4376
1087
9168
3470
9299
7260
9824
5671
2384
9143
8550
4576
6947
7569
8979
1561
3227
6407
5409
3419
7179
519
4553
4157
4265
7222
6001
8314
4830
7235
9079
2762
8852
7752
6743
634
9624
8936
6054
4005
3045
5741
9513
1248
1591
7049
8811
5377
8144
9782
7008
5079
9673
8984
4021
957
2469
5479
2718
2621
475
4683
9848
5888
9247
3707
6928
9300
7846
401
1365
9956
2757
605
1504
2922
1165
3225
5392
6201
3736
7295
960
8779
4830
3364
9453
1441
8893
9777
7663
1731
5669
3629
1573
9197
5677
2100
4570
6830
6690
1898
9803
765
438
9469
5389
6945
2955
4722
4509
5060
794
3657
2376
9707
7026
7787
6278
2604
9090
2501
2880
2827
3367
2697
188
5888
2094
8780
5500
3275
5865
7961
773
7027
2969
7290
27
8533
2710
2758
9209
3041
9309
3802
5159
7673
3459
743
3500
2710
6055
7706
6634
88
5383
5369
5864
9476
8807
5351
6151
6696
3519
4002
5701
3464
8125
3131
8212
524
1666
3464
3621
6458
4627
5829
171
9912
5518
7792
8105
1261
5329
2704
1856
7505
1396
4417
3950
5160
966
7898
3676
8538
7966
8486
8531
9342
1955
457
2136
3602
7493
1192
9833
3792
4371
7027
3526
1180
3453
8572
2572
6601
4266
2482
6577
698
730
1345
5040
9531
4614
3294
4122
2934
1365
6514
4532
5431
8592
2206
5069
6085
6530
9880
221
8585
7529
3751
2770
8280
8032
4443
9304
5062
1826
2618
7882
1972
5652
2275
2276
4054
2603
6601
9801
6316
7850
2349
8284
1812
7861
1563
4696
405
6883
2563
2072
2841
2376
1378
4377
3718
2459
1760
9945
4098
3883
7236
9602
800
8596
6236
9600
6483
1544
1380
3644
9942
364
770
2501
1723
689
8070
7261
9471
9007
9155
6171
432
8167
1564
7743
3002
1449
2772
2690
4444
5392
7560
8171
5323
2829
598
9439
1935
7439
538
881
6668
3453
2008
2096
7637
1406
2545
8509
7114
3765
412
4559
4325
432
6635
8935
2443
2621
4579
6779
839
1755
2805
9990
9500
5917
3947
9065
3935
5890
4900
8441
3662
5634
909
5585
391
2482
1168
8907
7561
6177
7020
4160
6875
5
1928
3118
9230
37
2538
1827
6949
465
6069
250
1773
3725
5948
8213
1591
3166
7107
3136
5837
7098
6215
5518
3959
6976
158
9616
7318
1349
1508
6321
3863
3816
2017
6243
3856
2673
5830
1953
9852
8237
955
9336
7465
3975
6277
5111
9546
4044
145
1428
7911
1896
1370
4299
3948
3906
2151
4051
9604
6625
7088
3945
2887
9556
1438
6365
5262
1170
1900
716
7166
853
9014
2569
7996
6015
1920
6656
2182
1816
4309
7198
408
911
2488
5029
7978
2289
6249
7271
6566
8196
193
983
5709
2818
1956
6528
5395
9429
1630
4734
8216
5733
5852
1680
448
2494
3877
1886
9477
7644
1781
5259
4941
4208
1420
6481
5328
5914
5537
1946
5804
6527
8311
6533
5702
6655
95
8399
8748
8917
8783
2955
1570
5072
7067
6899
1863
6660
6586
8960
3224
4652
8735
5249
3632
782
7514
6267
4950
2090
2061
3865
2261
9177
3634
7653
8413
4081
7443
3889
2482
3295
530
4052
5801
4737
2656
2844
6625
4574
7942
3954
7520
8370
2578
4392
4086
1620
2952
9578
620
8528
9266
9598
1639
5722
8374
5158
56
8567
7438
98
8881
3580
5711
4970
3288
2808
3946
7323
3434
4843
9901
8107
6491
4972
9104
8117
8777
187
4585
9776
2118
948
427
4013
5132
7974
4501
5434
9666
8216
3816
463
6078
8798
2890
3346
2549
5360
5858
4280
5843
5135
708
1680
4012
8524
306
5779
8433
83
8098
3289
9064
2966
6653
8893
8860
9396
339
4439
749
8294
5370
2110
3726
8612
7883
8436
9960
7390
1342
7892
3967
9887
5949
2255
5729
4104
3300
2863
8411
1353
3350
9849
3038
8284
2763
211
3965
3289
3552
9415
2760
3172
6901
8125
9516
900
5917
4837
7929
6784
2155
6261
8045
8682
40
5255
8519
7598
4657
6124
3807
5220
5140
661
3165
6391
5820
273
4919
4738
5491
5603
2811
9000
2084
3100
3241
9496
8463
2326
4976
7334
7030
4139
2347
5052
3738
2651
3979
9951
5803
2383
7377
2965
6030
280
7937
3870
358
4510
35
6705
486
1641
198
389
1326
4277
9733
4718
3798
6027
4945
6172
5435
481
3512
3611
2231
4241
8239
4159
5378
2405
5276
7601
870
8217
7841
4158
3966
9472
316
6198
5328
479
1529
955
2137
5183
7808
7040
1186
9460
3378
872
4101
8095
2595
6489
8488
6588
6080
8553
4917
6717
2496
4236
8213
2542
5320
6275
2194
7217
9573
6823
5740
8415
7784
6746
1086
7895
2725
2414
8278
9314
4103
909
37
8419
2487
5491
9010
7345
3103
5319
9544
871
2310
453
4714
9307
5523
7515
1366
1311
7339
5538
3521
1136
6089
2974
2479
9746
3662
5799
3688
6522
9330
6824
1896
5780
7815
1891
3245
6725
8711
1237
1335
9104
2690
9401
9628
1576
4957
1015
3417
1749
595
1803
7480
5287
9856
3890
6989
5725
2263
4654
8040
8383
3638
8383
1845
1758
5839
4786
6273
4729
2968
26
6058
3558
3822
4801
6215
986
9201
5613
4894
3257
5898
4742
1647
4143
7598
1755
5965
1565
3932
1955
2383
1953
963
5392
8378
1158
1498
8912
7328
9693
7891
8622
6172
2
7870
1466
842
7126
1249
8446
3338
8424
4297
3051
9808
9405
2002
8892
2715
4565
1629
2255
2966
3472
1457
2009
155
2494
1982
1658
688
9521
1571
9903
779
9673
4389
913
2849
1737
2166
8585
9335
916
3423
741
7144
4157
8626
8332
7545
9667
8156
5183
2265
9265
942
7627
582
6926
1528
234
80
4654
8248
2083
6753
912
3577
5183
9756
3803
4874
5076
3391
3898
6906
6155
6162
3069
7437
7734
7485
6896
732
583
6687
9025
7138
8369
3815
5857
7895
7231
6425
2289
9458
3817
7536
2060
6980
355
1321
7169
7253
5903
1213
346
301
7378
9584
3291
8014
9678
871
1463
2069
2425
9288
7774
1828
5801
9103
966
7614
9075
8104
7456
9991
6395
3973
1759
5981
866
8801
3859
5921
8006
6345
4854
2134
2840
5092
2544
4651
5077
7884
7766
6672
3598
2168
5023
6109
3693
9597
7894
7472
484
6629
2392
9681
357
2822
9716
428
2640
9363
5844
5036
8090
9233
5780
6607
9775
3997
6283
5599
7564
5974
7419
1410
8709
3944
7696
1074
986
3914
5583
4667
6138
5611
2819
4253
4484
3689
565
5253
3706
7277
8751
8785
8428
6248
3667
2150
525
3880
9406
4889
6533
3361
4123
7266
2055
8818
2348
8039
8118
2997
1874
1404
1315
2930
6448
4181
6301
4244
7436
3614
1964
8791
4351
506
6845
9569
5950
3989
3318
7251
2643
1023
9630
1914
5830
4531
8004
5104
78
5742
7568
7290
5862
1711
3154
1746
1839
7640
389
4765
3877
276
9873
4790
6437
2394
8448
634
9901
312
811
8053
8792
4361
7135
1524
6979
7725
9184
289
2987
3958
388
4318
3427
5404
2630
3387
376
6867
1817
196
7446
2713
2596
1984
1326
4221
7746
6331
6779
5078
6557
7426
7243
5738
7714
4648
4857
9138
2677
5308
9392
6223
3624
170
5177
6556
2865
8783
9438
6143
7709
1222
6161
1818
5756
1197
3055
9988
2963
9266
6535
7940
7453
5613
7084
387
8465
5801
3083
9490
4772
9504
6618
9080
209
1826
4247
1631
8743
3697
2678
6818
7370
4753
5751
9731
7600
3011
895
7182
2281
19
8363
457
8323
8385
303
7546
5095
7248
1605
8413
9253
5133
1311
396
5925
511
8880
873
4364
1404
5332
679
8219
7734
2826
1629
190
8382
9006
8303
9155
5097
336
9611
9268
6850
7641
1317
5175
5800
5336
1978
4898
4144
4827
8461
9570
3846
4586
5066
7203
1978
1982
1515
3262
6883
2712
2582
6764
1613
6723
2547
2310
1170
7289
4722
161
9459
5462
7978
9013
6342
7719
8051
8441
4203
4008
9919
9866
8474
155
3371
5880
6976
994
9053
5350
1229
7624
2137
9706
6706
2399
8359
3400
5472
9078
4894
4013
8462
6135
5688
395
8479
2081
9593
8950
7736
6507
9517
5051
2969
8252
6226
8174
232
6642
3804
1735
1095
2713
5194
1802
5804
9589
781
4974
7207
3064
8057
2962
4983
3033
3564
344
151
431
9008
8591
7712
9352
4704
6087
5913
1912
6354
2441
4548
7169
8051
9793
8993
5257
8421
5565
3410
9262
1296
6727
3975
2908
6516
9143
9343
5612
2163
2295
8217
7364
6995
8867
7170
8315
9524
3977
7796
1892
418
4602
1428
9785
323
9729
6283
2958
2284
6365
3508
7096
7445
5986
2236
3332
8051
5733
9792
5787
9550
8780
5489
4084
9562
5772
4430
7514
8701
3
6856
2599
9026
125
1923
18
7703
3891
7778
7997
1409
1847
1749
3928
8801
2624
2602
2029
8998
3358
4412
8166
3511
2152
7502
5695
5563
260
8948
5706
2671
3262
6177
2926
5778
7355
3032
8638
6564
8480
4070
7159
9093
1306
822
9687
6231
3421
5230
4671
7270
7772
7986
3091
2489
3310
9775
2456
5398
4171
8493
1568
9329
3858
8110
3531
1331
1653
4482
2721
5041
6663
937
7299
1455
8241
2832
8045
1929
7796
3779
5386
6457
6383
6685
2196
9869
2275
6136
3187
1017
2426
729
4382
2304
7514
4440
3239
4009
8325
438
7009
1210
4762
6822
6057
5631
215
7183
7111
976
962
8048
5866
5870
162
8063
4575
443
7217
1657
9663
3192
1374
3135
2076
1052
7874
9693
9417
8973
408
6666
3728
397
3050
2827
5936
3967
4674
6749
7838
3180
5566
2600
5737
7731
4791
70
3725
5591
5163
7508
9138
930
6547
2111
5607
5621
8169
2614
6658
1565
7149
6790
7953
3711
3813
1269
8609
8669
8689
93
2579
5300
5822
5937
5935
2728
8464
5743
323
637
2196
8425
5907
1775
6759
8291
3135
759
5373
4658
9142
2697
497
2804
7495
4205
7050
9589
759
6677
3673
2599
436
2245
6406
6200
4630
4570
8754
9148
5990
2775
4491
1289
1944
3534
370
2013
2391
5013
2961
7971
9960
7088
3244
8803
4262
4904
8918
7781
4476
8956
9169
6358
3746
8257
8685
7234
9294
8632
7515
8134
6957
4876
3349
6641
7533
5868
4066
785
9581
3184
5856
763
8237
819
1358
1348
3600
5764
1693
9455
6893
6581
6418
8308
6114
2323
3181
6685
8124
6209
5354
7455
5985
8906
794
6792
577
7433
6777
3538
7239
4527
4386
1971
5489
5492
4185
8713
6754
1252
6825
8273
8632
2207
6448
2503
2953
4527
9818
6784
690
4332
4004
4530
2839
234
3704
9051
906
8616
8535
8290
5289
1353
9853
7759
819
7748
6106
5953
8732
3732
6125
872
3807
379
4636
8608
4093
5158
3899
1291
6329
2112
8582
1194
3042
7957
5505
2988
905
9381
7163
6352
2321
3249
9593
9207
2825
8251
7682
6284
7438
1955
1392
5472
5050
9819
541
9563
7957
5535
6715
806
7030
4481
7467
8067
623
1251
9093
551
4320
897
814
9297
4618
6429
561
9992
1467
6428
7181
2225
1563
6861
3903
258
3570
863
1977
5576
2469
4073
8944
9486
1846
6550
1254
9633
3547
4749
1207
4621
5872
1852
8509
4353
9465
352
3683
3044
9500
3703
7820
9199
2274
4127
6033
1378
1617
1463
4076
8453
2308
5823
523
7147
503
3159
7474
5201
192
8238
1050
722
4113
8104
3840
8860
8557
8936
617
5188
2144
3248
5150
2302
764
5907
4380
5550
3509
4851
4634
257
2388
4530
299
3750
8244
3165
1824
5448
4364
6107
9681
8819
6042
4880
8381
9636
8289
6543
4943
4513
4003
4251
6367
7412
540
3981
2934
8576
9545
4472
1598
429
3460
3815
7829
3250
4450
1996
6052
9164
7326
2413
8224
4264
685
1262
7137
9372
4127
922
9214
7546
3189
9733
7997
5306
2989
9474
1476
5064
7483
4372
8306
7679
2736
8304
8043
1954
5473
1185
3025
6111
5556
8379
455
9112
8323
127
2795
3000
6399
9077
5164
7018
5568
1448
8300
4916
8221
5560
9382
3968
8703
8833
5098
4833
3766
1693
2929
429
6322
3956
8278
2134
8366
1444
8813
2682
8311
8382
1975
3065
3237
6890
8756
9202
3781
2192
2892
4723
5903
3289
719
7596
7010
1880
6060
9472
7117
1482
9494
4249
9888
1553
9347
8972
9803
9326
6393
5406
8233
1197
1907
8125
1144
252
6906
1717
9790
8464
2440
6423
7494
9445
5029
6585
417
1629
5821
6157
9532
3698
5215
4941
4548
8364
8957
9386
5751
1350
3941
4316
9116
1424
4303
2910
3517
4316
3292
6656
208
3069
9783
5832
2906
6286
964
900
7943
6261
8515
917
1141
6988
647
9043
7557
5884
9674
2089
9228
5375
8577
2791
1408
3952
2934
7658
3992
3142
1267
6471
1770
5941
6664
5595
1736
3498
4830
4953
8365
5113
7736
7481
1914
5270
2054
2011
3559
514
2280
7686
6010
1840
6888
5538
95
6035
843
4834
6248
7333
7053
2432
6253
8305
2750
6059
9376
9039
1586
2929
2900
7770
6887
1821
4425
5253
6535
9774
8047
1953
9698
4281
1875
1168
1146
715
6361
1109
3329
6646
210
4552
8171
7917
1556
6161
9973
9236
4982
5022
4319
2261
4212
7547
703
9947
5951
6169
3835
1706
8053
7991
5268
286
1746
7901
2906
4577
6627
6821
8388
1302
9
1912
7458
4043
4488
1074
9326
5883
2683
6322
3936
5846
9099
7366
2744
7383
1792
2153
9105
5537
3891
2526
5827
1280
499
8694
9870
3805
9553
1195
5437
5177
3002
1348
3449
4299
9253
4141
9194
5962
334
3402
5853
9157
5015
7743
3596
6250
9965
387
1405
2732
6323
3264
5849
7411
6834
101
4242
5095
7531
3321
6509
223
1414
3701
2369
836
8127
4286
7656
1305
1862
8498
569
3991
2551
7420
2391
9912
7050
7201
2431
7136
9928
1966
6542
7614
651
4417
4673
8948
391
541
8889
2094
7433
1464
6432
4889
2007
8313
4075
3867
3914
8040
7167
1360
8677
9220
6565
368
2951
836
2827
4925
3300
5258
5599
8106
7240
7397
2282
3803
8859
2086
6987
5685
3695
3965
1825
8806
750
8128
4171
6662
7706
7017
1993
2077
9277
9190
1329
419
6477
5340
7124
5767
5843
9975
6936
4518
5590
6158
8701
9970
4824
3247
8153
8221
3586
2507
3669
7292
2817
9072
6571
1144
3949
3794
9746
6786
9864
3535
453
4547
6760
9817
7382
7990
4298
4525
5658
1916
8284
8428
9138
7151
7256
4314
3899
633
8406
5856
669
4670
6945
3367
2495
3449
5970
4162
4482
4140
6661
9059
4413
3191
7295
6874
8629
1523
2004
4061
8961
6329
8515
9420
391
7844
8284
7695
8577
6072
1443
5949
3142
6638
7336
8752
3755
8189
4757
5739
2376
4690
9193
565
3970
3397
6984
566
2262
4221
1133
3241
9058
2257
7424
9060
2887
7794
8258
5927
4494
5590
5963
3093
2033
9932
7708
4183
2441
9804
1144
8596
7189
7872
9880
3723
2259
185
1629
1587
4034
7307
1681
6178
1829
7284
9718
92
9731
6888
3087
1886
8888
2691
6247
7223
4561
6478
498
1223
7506
18
7183
5010
396
1351
7381
286
6914
642
9224
1849
6679
7679
3149
890
8023
6655
5125
5862
4227
1088
980
6016
2254
1487
3285
3707
8252
3003
457
4974
2368
4755
5526
5072
7131
252
1915
6658
186
7476
4680
5161
5263
500
6096
2520
5295
8300
7379
1020
6703
7149
4741
1931
1984
7158
217
5428
2737
8629
665
5993
6086
781
3790
5232
9872
4407
1216
883
8406
9639
5376
9950
2708
62
6167
6085
3053
9305
7914
3874
9243
5918
5285
288
5531
3118
8307
7852
6274
1277
4303
4331
7602
9399
1071
2030
9080
8348
9490
5659
564
9790
3052
886
5478
9152
6582
5818
4886
8109
9722
3094
3225
8112
6481
3237
8526
458
4889
1442
6995
1528
5077
6829
5507
9356
3003
6437
127
117
7036
5139
4592
6412
9420
8260
1770
7597
8772
3778
7085
8287
1220
7292
3277
1903
9718
2839
9509
6335
6729
1399
1732
3624
7062
7139
9176
7437
5159
7583
6965
7842
7283
2060
8940
9040
6528
6109
9839
478
4863
3117
4660
6363
9242
9335
6354
7714
6056
6349
201
3226
985
1566
787
9852
1606
954
3062
3883
5663
1814
3371
3204
798
8774
4497
818
2324
896
7171
5459
93
5993
1811
4578
8150
5704
6972
705
1175
3491
5436
7804
4735
6544
3602
2909
6577
9015
9510
1413
7727
6444
4800
3556
3101
8247
1102
8527
6323
501
8485
3912
1366
6771
5093
3269
9937
8646
2066
545
5669
2549
243
9313
5984
5531
2213
6404
6644
1028
2512
424
5491
8326
2153
3378
9032
1517
1904
172
8564
9904
4740
5280
9098
9888
3888
7639
1607
8757
6018
6958
7145
9607
5779
6956
6474
4383
208
8182
6383
9307
6783
2620
3298
65
9445
6732
9859
5383
9651
9805
4546
9878
6580
7559
9169
8844
5661
4107
2588
6015
7154
5748
4741
9032
8922
8893
323
3390
801
8053
3424
7220
1177
3322
4700
5649
4415
607
636
9118
6304
5034
1954
6801
7162
7384
3254
5197
8983
7464
5032
4880
4829
1529
7376
9596
2501
3057
4102
6569
1317
7196
5991
12
1207
8238
7422
9818
4152
8213
9426
8478
707
8998
8517
6398
8783
1130
2940
8235
4722
4626
6739
6333
5118
8814
4484
2177
126
5813
4025
2319
652
5714
7544
3941
6108
7441
2113
857
8622
6241
4834
7014
5840
6492
1289
7185
2655
9146
4256
7378
5636
7557
3680
5269
8176
2071
3540
1665
6920
1178
69
1095
4283
7235
1145
1806
5066
7175
4113
8191
5714
266
2218
7935
5214
6635
788
2804
2815
4591
9129
7926
7000
8740
3005
8904
8003
3575
1457
876
4643
4067
1749
5950
4836
6761
855
9187
386
7453
8511
2774
2399
8180
4302
782
4254
2067
7637
6508
7795
2421
7101
2809
683
5173
8443
6987
9372
4034
333
690
4740
9650
7743
7758
9447
7122
2047
8125
8415
3018
9176
821
9688
7975
795
7677
1488
603
1994
7728
4624
3554
3062
1079
4553
9472
8762
2256
734
8706
6518
6947
8029
6454
5271
5633
1842
2441
5504
8743
6686
6891
4226
1124
6917
2544
6092
6635
2912
528
1894
7035
4960
2115
4270
8407
6703
3479
4590
278
7690
5590
8632
7694
9019
8815
2720
302
1675
7547
4338
4435
7359
2518
678
626
6143
1177
8661
5549
3725
2846
6650
900
6886
3053
6806
1503
7206
1889
9469
7303
8032
8400
8388
7564
5374
8465
1278
2031
7915
2408
6992
8607
6024
2896
7642
3775
2886
6473
2706
4655
9235
3407
5348
3585
6946
1402
7547
3543
5606
8492
8234
8947
397
8723
5342
7490
6479
837
4616
8280
1004
6325
4264
598
7386
6317
8678
6634
9803
6169
9260
1906
4250
6025
3480
9508
1511
1871
3033
5047
9281
2386
3249
5240
8549
2812
5047
6895
3952
2008
6575
5743
5069
4614
1451
2808
3732
998
2187
4988
5497
6383
6951
8982
9107
5179
3920
380
8541
193
6855
8942
3547
3091
8391
5593
8048
6947
8426
1466
9405
2511
9338
4693
5478
4713
944
9606
1549
3938
1491
924
3865
2985
3605
2937
9894
4369
4161
3472
8171
6059
7054
7605
6092
500
7607
4872
7260
7580
7855
6734
2481
4270
8272
9575
1614
8576
4211
962
9521
3795
9071
1115
285
3691
4364
7539
5233
7323
3010
2216
8176
5396
7481
5066
9807
3580
6797
4150
8446
8031
6718
3456
6149
1108
3004
5090
3402
174
4142
5658
5753
2342
3330
3057
8897
7187
2170
8154
6338
7704
5096
9471
8524
856
1812
5313
6429
5964
4586
1874
8192
9475
2610
95
6380
9520
8853
5195
2807
7803
1133
579
6144
6958
8831
4805
8780
3680
9245
4647
38
1986
3603
1280
723
2098
4744
1764
6089
2559
1586
1952
8129
2892
8306
9378
240
5405
4246
1107
1840
9977
3271
1731
4569
7031
1361
8151
9487
9712
3611
3362
6727
425
5737
5918
1079
3021
2985
774
1229
7605
2378
4711
4938
7205
8859
6842
1048
3928
9968
2469
6609
3235
6183
7922
6782
8680
9048
1256
3236
9432
6319
9929
3802
9210
4891
8055
9883
9540
9973
8981
8929
4730
5647
6449
7602
3758
2532
4158
5418
1844
7296
8017
1309
4546
8026
1049
162
900
6465
3758
821
5050
3623
5028
4476
848
2587
7156
3903
6662
7695
5844
9469
9902
8746
1767
2247
3185
7114
5729
4676
8381
3067
8760
5698
3054
293
1879
8168
1509
5960
7371
6555
1932
3192
647
1271
3548
3826
5688
2395
8527
2562
2175
4585
4422
2761
4638
1972
9240
9505
8887
2473
1151
3251
6959
1108
3840
2666
2351
3137
2528
3667
2205
7303
6576
3890
8458
5494
5422
2094
672
8649
5754
3665
5350
4724
6385
8225
8008
7949
5140
8516
4821
8669
6131
2016
5884
3662
954
4626
3859
2156
4716
4505
4697
2260
9016
2283
6988
3803
2716
5523
1102
82
4831
7418
5274
131
485
6951
157
8574
5097
1725
6619
3428
6780
4011
5151
3623
3553
385
3290
1793
5507
660
6517
359
9906
4915
2852
7973
1667
8438
5276
9859
7352
6751
3107
6568
4143
987
3998
7541
347
1660
666
3
7370
3816
3046
3089
7724
8346
2132
6680
6836
1241
9757
2943
8853
298
4979
9063
9609
7937
5987
3469
7355
2963
4094
5812
2271
4139
3248
7152
5621
6835
1585
4416
115
208
9385
4500
2954
3903
9355
4477
5444
8679
1319
7552
7952
1229
8393
7738
6383
2743
979
9777
5741
342
4099
6053
8558
2062
7014
4200
983
8139
6736
2491
6352
6580
591
8076
1289
8083
765
5850
5223
5022
9925
2993
8724
5495
9287
3001
7718
2199
5184
7056
4629
199
292
9318
6943
9945
8940
6520
2211
447
5698
9361
4286
5777
4340
21
5956
9499
7191
9337
4741
4805
641
3653
3218
3279
1375
2246
4877
1761
2043
3837
2431
9226
6923
4990
1522
765
5201
699
4425
9588
4212
6429
4183
7892
1874
9280
7971
9963
3089
3491
8906
8119
2519
7101
5923
8178
762
644
5802
644
7566
876
1477
6046
1788
4135
4306
9184
8176
2444
4318
3650
5801
9628
6616
5932
6134
8203
7967
1020
2663
8062
9448
6545
3157
8260
7706
2359
6048
5178
7388
5977
8988
335
1169
4511
4150
1322
540
5417
382
1929
9718
6928
577
3811
8489
9281
4117
7252
9057
7798
208
6562
2193
7607
2796
8977
9568
5532
8222
4520
9751
6638
9065
5756
4415
5865
2666
6640
7344
4653
6344
1589
8586
7242
621
2374
1845
7959
789
7907
2946
7372
3582
6867
1723
170
1943
7769
467
1897
2855
8316
723
1357
5457
6846
460
376
3753
1257
4140
1894
4354
7116
4036
8314
7928
3766
7697
6507
9269
1716
6091
4491
8957
194
1019
8583
3878
4941
7436
6721
9477
4420
6639
440
1910
8321
732
3086
4117
5177
2496
5850
5498
6096
3306
5375
3858
4744
7062
2948
5520
8063
4573
3685
9707
3610
5347
5635
7695
5199
4325
2382
9673
1550
3678
1096
4761
6286
5662
3015
3564
7513
9286
6025
6728
8813
8666
8795
943
1257
9979
4289
3888
754
20
8136
9860
1043
5174
3286
5810
7523
5843
1596
4758
3057
8343
2215
2831
7164
8126
3043
6864
2869
4674
2802
332
5278
7999
44
254
8645
5287
4825
1518
5886
7333
5997
3907
9363
2310
3294
7828
5595
525
586
7982
168
2353
8854
2414
768
5496
5949
5008
6267
7763
837
818
6622
3540
2212
5230
3532
3260
5852
1511
8557
5909
5712
1844
5474
8139
5971
259
3566
4126
4920
4234
7557
620
6202
6366
6969
7886
7979
9519
8595
9024
1365
8795
2052
659
1030
5548
8846
8156
7866
1931
6363
4641
5273
3040
2058
628
8907
8351
1129
8201
6460
710
4411
3377
6558
3523
9006
8388
9785
5927
1761
171
19
1775
6795
7078
577
9185
1590
1781
213
543
5548
7301
6454
7571
9165
7034
8385
136
8485
1
9985
3734
2579
1544
5287
88
377
5897
8442
5936
1651
5675
3168
9570
5602
6487
6289
2443
9787
3084
3884
1304
3603
4534
4946
831
6793
9148
4489
3981
7988
4847
4673
8570
7944
2692
8114
9522
2288
8318
9378
1953
3156
7256
5420
4124
8447
8567
3334
7607
7547
4878
430
9441
9854
5194
7320
1292
7631
266
5937
1853
9771
6216
9753
3896
5204
8401
173
7758
1585
1064
4516
4460
5967
5231
3908
4033
5916
8031
3737
321
4156
5355
3420
3919
9506
5880
5127
8037
3049
3565
3246
1189
3513
3531
7977
7204
1956
9757
4739
3723
751
552
1123
8322
4679
3516
4948
8674
4556
6363
5877
8442
5813
5014
1123
4589
4062
7835
1026
9814
1552
5198
4429
7485
3613
4993
771
8888
2234
392
9035
5071
6358
6019
367
8488
7217
172
9527
3070
7040
4858
1558
5888
2570
5999
5046
6204
5135
3571
9941
9931
270
9042
4127
779
8064
6303
9648
4378
3445
4341
1606
8193
5412
3144
906
4126
7331
4539
8172
6002
1292
6716
3058
6432
5465
659
9479
2062
4692
8725
5382
211
22
4
2305
4884
9372
1659
6478
6822
3039
4703
4904
5533
7852
3280
3920
7843
908
9925
6109
8303
7840
888
4533
3686
1873
7649
4483
881
5769
6762
3992
3927
8947
3375
2886
8490
4293
794
5590
4651
1394
1464
134
2827
2243
8180
4388
6711
376
8517
1167
1701
6260
9792
6581
7604
5021
2120
6027
8603
3768
6566
2076
1850
6879
9467
9726
3052
4524
983
8666
5316
6383
5331
9085
730
9243
5265
6629
9130
5114
2174
503
6650
8798
700
732
3355
8638
6504
5963
5551
1401
7444
9251
100
1822
5460
8079
2559
3067
4409
9365
8139
3929
5726
3053
5009
5266
6669
1626
5439
8965
42
239
8625
5320
3605
261
193
2144
2909
4250
6616
4113
3527
7494
5779
6626
293
4864
3252
6279
6042
7137
2695
8124
3906
5490
2046
1421
1671
3150
6315
3997
3938
7999
4374
8481
1157
3638
7957
3514
8065
699
8187
931
7184
9233
9374
4915
1329
4600
6879
5572
7593
9167
1061
3327
8596
8680
3892
4609
2421
2317
878
5253
2846
8693
2611
6835
8904
9783
6434
1880
7030
3970
2764
82
3934
8534
8114
5790
6742
8919
3394
4041
7825
2781
7785
7673
6743
2632
2083
1407
7382
8666
4172
31
2850
3201
5544
6135
477
7843
7464
5463
6082
4932
3496
3878
690
950
387
6737
1153
559
4569
4235
9174
6382
7666
915
9909
1976
2691
806
6365
9781
3947
9881
2752
5563
4527
6526
3255
7930
3858
4032
4198
3160
4762
2770
1679
802
8341
2666
7816
8392
3270
3894
8012
7016
9857
1568
2787
898
3702
2909
1692
4000
8630
3212
5716
9167
6483
3967
102
5584
9366
2832
970
3489
5652
337
7462
6101
8050
879
8525
1077
4428
908
181
4781
7415
7254
1943
8702
8153
7316
8006
9877
9769
4272
7303
1923
6490
8737
156
7438
9847
1461
8607
2923
8883
179
9759
7680
2509
765
9187
3072
2111
5056
1340
3777
2774
7362
5291
376
3320
8620
4610
1408
7947
2096
9260
862
7092
423
5291
8450
2681
4108
3029
7816
6049
2370
1063
5041
3988
1706
293
6047
8518
4461
3101
2811
2282
1730
7216
9988
8635
2548
1590
8401
8015
735
9078
2768
103
9722
344
3648
4442
8292
7410
409
1375
7559
8120
6278
3438
4289
3416
7019
3358
7211
1004
8699
4707
189
195
3126
1864
8366
1399
123
3295
3864
2300
9546
1921
2098
2214
956
9178
795
3051
2120
2589
8389
9535
1234
3424
9851
82
8561
6328
6360
2584
5845
9438
2951
3620
4177
8139
8198
6116
9869
9042
3846
2999
7246
2768
483
9696
7692
8541
1893
9593
1439
2353
245
8872
7108
4554
4876
2764
3784
5388
719
8999
7192
4778
8184
7664
7924
285
7719
8433
5728
6905
1056
4415
2830
9187
4555
9010
4597
9546
3269
7142
6226
4072
6523
508
5129
7890
8475
3654
6267
7455
3193
4269
2887
63
245
2446
654
670
4612
1413
6517
4541
4212
5020
6994
5991
709
183
5920
3153
2814
464
9468
2113
1266
1153
1625
2965
5538
9213
4666
2643
3675
3998
5534
3567
1676
8395
3096
9383
1505
8786
2643
7622
5131
920
218
1581
5447
7651
860
7122
8793
4549
4337
8242
8355
7595
9423
1483
1818
2709
1493
3337
7933
4786
549
3104
2623
6787
1424
1102
2840
1272
2400
6398
6467
867
3298
3103
8277
1636
3563
2442
2232
7261
7019
7851
4652
9402
9863
1641
8630
128
4606
3927
6873
1003
5853
6608
8447
3058
378
7738
1553
9797
3472
8511
9980
383
2702
9034
5188
5658
7756
811
5816
8284
9244
6832
7721
8596
8622
9541
8665
2534
2122
6652
1214
3105
2588
2075
9243
9199
8999
7743
8892
1083
923
4907
5220
9928
4879
5167
3844
7602
1868
966
9125
5172
1535
4577
5414
4005
7222
8304
3035
818
585
4839
932
2836
6870
6951
5588
1824
6323
1523
3962
7432
9695
7507
1453
2424
6179
4903
4467
1703
5352
3111
9170
3417
1552
3600
1573
5028
4145
5314
6458
953
1620
4835
6422
4173
978
6950
45
9335
469
6617
4916
243
2767
3016
7223
5976
9503
8035
3166
5691
8159
4587
7802
2759
1967
9058
8977
1598
2454
3783
2991
6074
727
1028
9080
7950
7896
4248
7177
7467
4843
8539
1998
5049
3797
1068
3318
8
5725
45
4583
4364
5877
2769
578
9223
3064
5158
4460
5591
3975
1223
3515
3741
1890
38
7546
2455
2119
4674
7696
5996
5959
8881
6320
3360
2153
9044
6070
2149
107
2763
6800
7679
7579
9161
1413
9440
2931
4683
4116
3581
4010
7554
8288
4998
6634
95
3767
1473
1370
3457
2669
5055
1718
7093
434
9075
7115
598
8074
6971
6087
4555
5112
9577
3069
8232
3025
6829
2082
8847
2775
4915
4027
4967
5687
5979
1827
7391
7887
4093
5915
2930
7202
6357
1764
3523
9880
2383
1875
7976
5812
3148
7868
1293
7196
2963
8165
1856
2165
9212
5550
2233
5533
4378
7373
3956
8770
7723
3298
3471
1092
269
2903
3017
2310
7351
1931
5460
2337
1035
737
6335
4875
3949
2620
2002
3001
3876
463
2897
5969
8102
6687
2968
8800
2768
3692
2886
4200
8492
3749
815
7882
9468
2119
532
8430
4910
6096
3706
1507
9067
1155
6976
5210
5079
1701
2715
2181
8069
3789
1140
6928
1426
5551
3279
3122
7282
2541
4389
2023
347
8719
4908
1380
9392
2704
4358
9434
7818
349
8484
1893
2712
4938
3087
7942
6755
376
9297
6396
4953
2714
4079
1572
6830
9448
1541
7062
2719
8580
3954
1293
2661
9690
8022
9546
8301
8709
1566
7919
1175
3072
4453
5872
6858
6015
4624
5949
2699
756
8994
473
1280
4102
9304
4971
5903
4572
984
6321
7111
8776
9017
23
8789
1729
1753
3764
8463
8800
5634
7229
2437
4990
9552
3405
9860
2269
2963
160
5136
7408
9697
3806
4822
7562
30
1836
3171
9600
8739
8335
9364
9342
4192
3760
4146
8949
7560
1404
1683
2570
9072
3649
9657
9168
9640
850
450
9365
244
981
872
1775
3851
4908
6798
6321
2399
965
6141
2196
9
6843
1534
1348
3245
220
1418
1936
7711
4804
4695
1963
7875
3231
942
995
5638
3456
7366
5324
1549
5933
2884
8955
936
2726
8666
1345
5584
9783
4699
2751
2165
9516
9299
921
1622
185
8611
1296
8794
2477
8721
4694
7630
5468
8371
9576
1981
9419
1222
2513
4400
9436
8214
9874
6096
8206
4624
4022
4815
7398
6324
5122
1948
2949
4831
469
5701
1236
6497
8825
8040
9133
7338
3739
2264
5306
8080
7107
9423
5777
7676
979
206
1471
3503
4409
8560
9578
2060
2291
1998
2929
6069
7721
9827
2182
2411
7074
9576
6452
9528
2628
2299
5997
1864
9862
510
9932
9807
5907
5423
5392
4591
3364
9636
3202
3051
5711
1539
6836
8054
895
4276
4499
3580
2730
8836
8143
3964
4504
3427
8500
4741
869
8179
606
7572
6318
8514
5585
5559
5689
5113
9020
7540
7030
9360
1483
4875
4343
1929
2539
777
8604
1734
9428
2961
2522
5278
6469
4836
7157
9259
3914
3260
8248
6974
4936
2757
4158
8074
3558
543
262
123
7750
7165
1603
6753
1899
9530
236
6989
2798
9104
4164
5211
3098
6391
9199
8042
9516
2349
5901
9080
1293
6687
2575
1491
1840
9962
320
4196
8963
4070
9763
8192
9608
4802
314
465
995
5248
1585
5547
4132
7859
7567
2744
3
5221
348
3267
808
6890
195
7731
1886
7241
6438
3287
3400
7557
7908
9864
2058
2278
7217
5616
1661
5794
5286
2089
3466
7900
5748
6472
9093
6348
6682
4825
5899
4590
3325
7064
8994
8910
7026
1314
3553
3902
9451
4860
929
7679
1833
9859
4296
3492
9284
7955
3651
7048
1207
3531
8342
8561
8864
132
1548
263
7144
158
9573
5715
9816
7605
8933
7629
6127
547
4940
8083
4514
2137
9856
3944
5382
5955
7896
3811
511
3642
1198
7183
6630
3155
2742
1254
900
7293
7680
1820
8115
374
8698
6362
5820
9173
9417
7411
7658
4706
4824
4711
9854
5792
4108
656
185
6535
9814
7595
80
2991
3585
5006
724
5699
5663
5567
3682
9556
5909
2128
8408
9347
4145
3135
3688
6588
1017
9599
5380
1977
4693
1852
6143
7969
1486
4741
3798
373
7205
2911
1100
8594
212
5737
2402
1318
8807
8299
3890
8556
4311
7864
972
4246
9344
1866
1662
400
3262
1441
6072
3691
7216
3201
6945
9451
3562
8397
8606
5184
8738
7125
8986
9708
4345
827
1116
4671
8460
2326
7240
376
3829
6833
7363
2444
9050
1381
2075
7757
632
2242
3830
514
2584
3245
9931
3580
7537
3484
1197
8359
9061
5378
5898
5757
4302
3037
5741
6729
8988
5590
8083
5760
930
6178
4492
4634
1009
7139
1702
2237
8333
3405
3851
9053
3688
6569
7062
1743
9479
3192
561
4183
6243
1472
2129
3152
5299
9376
5466
7282
2765
9348
5691
7776
7310
9629
6443
5204
5310
589
6713
9655
7317
7244
7573
2118
2003
139
6944
7598
2114
7054
5061
4596
7846
3433
2292
7513
5886
6370
1094
8749
7977
9416
1896
6860
6259
7275
3662
5939
5935
5353
3155
5029
1622
7314
6956
4494
7805
2337
7587
8348
3951
5683
3521
6326
9403
9445
7324
3611
3043
5973
7496
5474
2774
341
4903
6959
4682
8641
1569
7244
6773
6310
8302
1633
7484
7819
2549
6760
1468
8268
888
7520
6021
3652
400
5909
766
970
2790
7364
6730
9701
9571
7784
3341
7645
9537
6417
7736
2076
6875
934
1527
88
1581
3776
6024
7265
9222
5058
5140
4856
1701
4629
8685
28
9405
4797
6248
6448
519
5194
5601
9033
7177
7404
4327
6052
9563
3258
3765
6844
1094
963
5927
3894
3003
3488
7107
5419
7392
2209
9088
7923
5278
4895
5742
6992
9846
1147
5223
3459
1912
6889
5645
6538
8939
5895
2748
6760
7375
2053
1701
1868
328
7967
3619
876
2306
2641
5252
3783
2101
5471
3157
5186
1901
4438
3702
9412
7645
3245
1490
9514
5004
6002
659
8179
3039
6267
9528
3661
750
6868
5861
3069
381
8270
1474
5974
3298
536
1039
8130
258
2944
9653
1339
6674
6584
9432
4969
8763
8483
1005
4013
8753
6794
8957
7531
6394
3821
720
7639
1095
5531
2606
450
1349
3504
697
3113
4163
2148
5110
4583
2027
3032
3862
1222
2342
7511
3011
1100
5337
4025
6579
1007
9347
1423
4462
4481
9552
7485
3082
6952
4602
2744
4149
3196
1339
1918
9795
9326
3706
2226
8686
1481
9265
5932
8290
3140
7920
5774
9374
286
3436
2380
9938
2723
920
3825
8790
8248
9801
9640
5078
4544
8387
4697
1984
5353
8233
1231
7448
9347
3445
6591
1607
367
1876
2429
7931
2556
7906
8875
912
7852
396
1362
4993
175
157
7419
2358
2314
1667
9176
5905
5209
4651
7569
9810
9316
2519
1268
7004
7165
6000
2375
4978
5517
7563
603
3312
7398
2765
4412
9124
1478
9700
2807
69
9910
6575
6214
4155
9308
355
9530
9442
9600
8203
4406
8545
7271
2922
1856
1851
7493
2932
2492
2329
5478
5928
4667
9962
1021
1105
574
1754
1469
911
2395
4114
237
4923
7427
1721
2878
7734
3996
3368
9990
1773
7628
7605
9242
2146
2722
4394
60
1440
6436
7896
3460
47
6066
125
7467
6572
3226
467
6248
7195
6070
8505
9060
5500
6513
585
5695
3541
5908
4142
5079
6697
7961
5991
4955
7486
9888
7895
2396
2838
8732
8249
1926
3661
6326
5461
66
6150
412
3227
3250
7010
8005
9493
6088
3414
8871
4653
9599
5892
3240
68
6655
407
4669
1363
4101
4136
4786
376
4256
5566
8391
3139
2766
5475
6371
1370
5447
2361
7265
1999
3184
6029
4054
6341
6621
8298
5245
2866
7184
9468
3359
7960
8804
6926
8297
4283
8086
2985
5683
2904
2944
6881
2858
2891
6552
4578
6409
2034
2688
3605
7181
3568
7472
1703
5775
5338
7919
5884
8647
8501
4302
7299
7244
5752
8259
5187
683
4204
9997
6627
6794
8884
4465
9408
486
9057
1598
9643
694
2634
1661
3441
9034
9854
8725
2791
4129
551
9036
3582
9650
8309
6979
1250
6287
6378
9644
7562
1821
7286
9311
514
6091
2512
4479
1185
9053
4655
4701
1918
8610
9865
4937
3231
7023
9126
2607
111
6590
9733
4859
5494
9749
384
4829
3198
5505
3355
1252
4765
2197
6713
8016
6614
744
2838
9379
4198
2140
8348
4956
2703
9705
5778
4669
8397
4977
3982
9269
4676
153
337
6584
9181
6671
874
7934
411
8373
1386
895
7765
5428
3889
6025
5706
8366
2262
2870
7437
702
9308
4569
1642
4603
2014
236
7828
623
3343
762
8564
6063
8072
6400
8032
9348
4006
6848
877
5149
9706
9324
6715
6132
4389
7671
6762
1213
1976
5816
7559
5784
1557
4279
2741
6879
7706
7094
4822
7752
7333
1974
7674
7941
7168
3378
1556
9718
1217
4399
7064
8580
1086
7388
2001
4597
3332
5693
4747
3921
4485
3744
7649
4674
2407
984
8918
8594
8869
1663
7411
3673
8527
6810
2091
766
6613
1386
8376
5673
9241
6250
2675
9069
5134
3029
4519
1973
3398
1035
4293
5697
5222
2127
5108
8526
3397
9068
4135
9136
9791
2328
6101
189
8771
5696
6207
9453
1369
1736
1200
8138
313
8143
8981
3885
2441
4730
523
7933
5020
3083
5616
7892
3568
4641
2405
7588
9277
7348
6337
8097
822
2226
4697
4603
8376
2802
4722
8288
8787
9558
8835
884
2903
3747
2439
4306
2633
9890
1960
8027
2241
3506
6563
1492
6692
3813
8760
9707
4313
7399
5680
2966
9308
6986
8024
3290
2869
1524
4949
5703
7265
3404
6009
285
3619
1690
196
4414
4101
7107
8906
1335
8093
6642
7809
5838
331
1744
5949
8661
6680
9873
4732
7494
8296
8424
1593
8643
9968
4322
9472
2709
6047
3993
4515
7502
2388
8382
6002
8453
1306
2723
4131
212
3685
4479
1512
3282
3824
9941
9669
4812
3904
906
6285
5924
9350
8092
9064
9903
6602
3114
7921
2577
9849
2546
2662
2064
8669
3966
880
8240
5351
7725
6111
7398
2120
5756
1976
1415
8923
2040
1284
4571
746
3470
644
5035
2041
6752
6532
5471
3846
762
1875
81
3818
5400
4862
7270
8808
4119
3795
8005
241
6767
3624
9039
1169
3550
5202
4856
3806
4717
2915
9409
6378
2378
1397
4775
3658
5261
8553
9366
7155
7239
3404
6097
3563
1948
7627
1856
6201
1435
6898
6379
9325
7661
1415
3376
6444
6985
9864
4062
1922
5270
1987
5202
679
8833
2586
3149
1297
4475
4980
2251
4273
3702
9939
6258
5416
7959
2537
4772
1447
7581
4308
5884
1667
7823
4620
3067
1423
3131
3941
1261
9692
591
5338
3794
4361
4336
678
4230
3545
5669
3773
9995
8574
3002
5597
7443
9299
5878
6302
2029
6807
5452
1672
9348
9371
6500
4945
9209
9177
2510
7799
4395
1387
1968
148
8673
8356
4139
4840
5587
454
6905
520
5657
4540
1799
2082
7635
8342
8158
9859
4103
1348
839
3821
7496
4970
5943
7999
1947
2746
8210
3211
7448
1789
8808
1114
2450
9996
558
3987
1087
2224
2527
4637
3314
1004
6741
3258
7529
6121
877
9654
5657
1251
182
6300
7018
7633
1819
7928
6797
3064
9200
857
6582
7033
8826
6599
3765
8845
8355
4177
3493
8676
1092
9025
8313
4181
5598
5601
6907
6345
3739
6263
6092
4151
1109
3656
840
6279
4577
7654
5092
9350
9035
8446
8327
1437
1903
7656
8989
5547
9792
4667
5586
5344
5545
4753
7208
225
3136
2854
9453
8835
7
4715
7536
7507
3205
4290
5259
875
3364
7760
3974
4287
4906
8253
5377
5833
5238
2460
8526
8594
3841
6819
7830
306
4629
4093
9920
1757
7007
9189
2442
7541
6058
9351
6802
6342
6002
7092
9469
3376
2891
7708
9975
230
8063
404
302
6641
4012
7698
9406
3649
8413
2458
230
3891
6353
2710
9537
9542
6747
292
6480
7294
492
3648
2054
1456
2302
774
5201
5058
82
9292
463
3474
651
9987
6923
9174
1107
3079
4582
5496
3847
2705
3359
3456
7483
2591
1153
3441
6065
1989
6623
3847
205
3918
4861
1636
6986
1394
4447
5058
6365
9690
9346
5594
142
6959
4590
3111
5691
1930
3976
1127
891
8327
412
8898
7179
3211
1876
1929
7946
3624
2463
5579
4773
6141
9963
4264
6140
604
110
1276
2153
8530
9466
3830
7872
9370
1662
6491
1943
4893
7365
2162
3400
6452
8400
2071
7875
8413
9786
4255
1797
7872
4264
4374
3108
5272
6859
1416
393
5635
3198
319
3649
8127
6897
2813
4944
794
9303
6471
5922
9333
358
7847
218
7217
2073
825
145
652
210
7014
716
2345
5780
3244
243
3907
9221
9796
4824
7006
6056
8859
2877
8414
6458
3769
7919
5838
5778
7644
2796
3866
8512
6884
5268
2373
3040
1465
8270
5316
2258
8748
3517
5356
6781
4951
3099
1931
9353
9466
3627
6266
5463
1096
4836
6446
8983
3577
8030
6636
7646
5990
9186
8628
8218
4851
6872
4534
9250
7144
3211
367
5300
1013
7529
4078
9788
9654
5496
3904
640
4245
9063
2768
5679
6980
1509
6109
4982
8461
6095
5629
2549
7824
4796
7986
9977
2574
8958
4370
2906
6919
9972
9125
6793
6071
6492
7871
5073
1116
5024
9320
662
6471
7096
2245
2510
3385
1809
9723
9533
3724
2871
8903
5503
6667
7121
3437
8568
3813
5845
6101
2349
5747
3243
5373
5337
1478
4616
6974
2423
5820
7079
6762
3997
4754
7066
5258
6826
6322
6892
129
1134
6011
9053
1694
1403
9910
9078
516
2317
7230
7425
848
5077
1861
43
610
133
1578
8486
1025
9533
4891
5330
5899
4019
3361
7488
7306
2388
9235
8991
4664
5188
5341
9423
2094
8050
1858
4737
4779
4483
7222
1776
3037
4447
7608
388
7181
6405
8050
6347
6286
4722
2090
3976
3436
6186
6017
6935
5299
5938
9854
1468
9001
7943
9707
7456
2300
1651
1465
2752
8596
9879
5688
4425
9683
8632
2438
4525
4740
2088
4663
1424
505
1579
7109
8465
722
2245
9322
6273
9669
115
1663
3809
2304
1116
8206
6006
909
6682
5767
4802
6629
1102
1578
308
3234
2534
4377
3287
1116
6829
7721
923
7393
4177
6421
6026
9069
4982
4019
8295
1453
4392
6289
9788
4412
9828
2975
5673
3406
3163
2720
1360
3914
8551
5364
3727
2704
7885
6166
8199
5544
9526
5726
365
7338
8705
5644
7816
9280
9304
1822
2768
9263
2373
4867
1198
1572
5144
2966
5350
366
8126
2710
724
3336
316
2365
4435
3018
1588
4293
8012
3254
6499
9120
8232
8807
2580
232
9893
7786
8321
7330
8071
5530
7335
6131
33
681
5973
9224
7265
7326
2477
3341
7319
3845
8364
2813
6089
5383
1409
4553
2382
5046
6877
3684
1940
7289
2948
2006
5063
9461
509
3256
351
7449
8562
1887
5036
2771
7213
61
7234
545
9410
4860
1687
304
2738
7578
8624
1290
2033
8516
5395
9222
8168
4571
3526
150
1739
4147
2128
8179
4268
1808
1503
5095
2339
2042
2892
4247
8035
7908
4508
7545
5004
2688
145
3832
9414
7214
6109
9993
5796
6335
9897
5284
5714
5837
191
4692
2664
6232
3973
2576
6025
3306
8793
4419
1826
6427
1421
3733
7208
8715
3237
4850
9738
2301
4486
480
2295
9314
594
5489
2963
712
6440
2930
6863
1793
6170
6980
862
9575
3788
9926
4969
4233
8357
8048
8360
8351
5922
2711
159
2955
1480
4376
3240
2503
2728
2599
5420
1636
8460
6707
2635
3515
363
8232
4222
2433
5499
7505
4333
3262
663
7605
9395
4731
5529
257
412
6198
7042
8370
4773
1842
2182
207
4280
8808
4116
2687
7303
2784
624
5751
9226
9650
8023
5730
8328
507
7566
9248
1968
1540
6978
4003
8549
515
1579
8066
3555
7429
6288
298
2252
1166
3167
4936
3944
3503
2103
8762
1889
6537
8564
3151
1598
1770
2373
6731
1050
7945
7130
1430
8685
9778
6611
4251
7839
1309
559
9856
1804
9464
8603
8524
1565
4953
1479
1165
4644
5842
2104
6096
6222
7706
7904
5046
356
1635
4114
5676
6669
2118
4748
6534
3322
7030
6055
5650
9832
936
1346
578
5627
3841
6478
42
1572
4538
1902
8930
4604
3922
2591
2264
5359
7711
6607
1099
4934
5485
6094
3922
3676
2953
8343
6115
6768
4412
3736
4814
906
6099
1951
9090
8068
9205
275
8403
6241
5910
3586
4079
9872
9388
2823
6072
3294
7825
4516
2534
4095
6268
1876
2211
191
5066
4868
2550
7395
9619
5926
9499
1751
2512
5501
5148
882
7437
8255
290
8397
2756
7302
9996
3542
4286
2325
3322
9044
6265
6442
1764
854
8770
6416
973
333
131
1812
6385
963
6635
6909
2265
9474
3421
5515
9089
7135
9208
5206
1924
440
466
1504
6762
3988
9466
7200
4493
68
2614
3344
8414
3189
8791
9025
1523
2843
3261
5693
3856
583
378
4754
6537
1480
7483
4964
7131
8305
9719
8651
5128
9037
5957
9887
6146
3906
7445
7819
9274
4500
5763
1736
4474
4468
6978
8315
8307
4363
1565
9846
6426
7913
6274
4432
1538
6987
329
6259
5121
6889
8104
8184
462
2335
968
91
9551
7329
1890
7770
3953
4596
2455
1089
7723
7281
1505
1266
4544
5575
5863
4688
7824
1384
6297
4437
6517
5268
3330
8571
8920
5464
8977
8266
5996
2494
9956
2861
7421
1481
4923
3277
4784
6875
9813
3393
6475
9363
8446
6626
1504
2952
2158
8407
6411
6157
6028
5945
9350
5242
1582
7766
7316
4690
6589
1075
3578
7109
4778
7379
2359
9836
4915
6417
4820
5004
2970
2686
8664
7379
5885
9655
1764
1009
6297
8338
3839
509
9672
2405
6297
5168
2067
6627
7402
5560
5968
2831
4788
9702
2138
6979
5690
2001
4035
7209
8322
8404
2881
3330
2296
4691
7757
3100
2546
7447
6568
5742
3349
2256
5400
9763
7507
2356
8242
8345
8845
9825
1560
5403
1030
3325
9633
2381
1613
5963
6415
981
880
5746
4465
2271
2388
2378
9574
1842
6680
1019
5239
7958
3832
6242
4102
4834
2927
654
1768
488
2667
7936
7993
4963
4804
2610
3733
9214
8317
2073
9060
6599
6314
9338
3345
9620
1703
4437
1045
9842
7262
3680
4810
1883
4598
7579
6411
3837
2336
7555
6771
2282
7813
7421
6755
6167
8431
7700
1104
355
5553
5616
4954
6819
1113
9353
7112
2309
759
9987
9242
1191
5250
1156
6531
7877
1493
3812
1289
4339
6895
4958
7338
2390
2320
4248
4549
4712
6784
8158
116
9871
9033
5481
1792
8590
4573
5833
6769
9554
4482
6125
4843
8754
3185
5085
2623
8680
4832
2418
5623
9465
2165
8165
7607
3309
365
3819
4709
5588
3749
7721
9024
7079
3150
1540
5094
2688
7812
6604
735
9798
718
9632
388
7916
8769
4554
8821
4197
4510
7386
7601
875
7735
8718
8117
5218
5731
4152
5039
2329
6161
5338
2083
2237
9465
4858
2622
4223
979
5036
3927
4104
8186
1524
5780
2084
6004
1556
9512
443
2936
5192
4755
1216
618
8024
3155
3659
481
1056
5156
5955
4312
7031
8661
7612
91
1152
778
5051
5334
8062
2230
8557
7987
3599
8724
7976
2563
6431
539
8892
8440
2340
4713
2634
6795
6969
4902
8775
7002
2456
7501
2847
7070
9795
3058
1268
9050
5479
8926
7963
4735
8535
9853
3239
1190
2541
4982
4320
6914
4130
1890
6491
2044
9079
2824
5323
5436
3437
7529
3546
4221
6259
3038
6690
2626
7057
6916
111
4908
4385
2283
4136
171
219
9694
6164
7867
2888
4529
1000
4139
3415
3279
2379
794
6095
7435
4144
7160
979
6946
3304
2362
9994
3711
374
1349
1486
4545
495
4342
483
2418
3726
7507
5588
6787
7693
1474
4129
4758
8227
9729
6325
5262
9534
2383
2364
6452
3044
8844
5792
6131
5339
273
1002
6335
8726
898
237
7074
7954
5736
3483
6275
9533
6560
1999
6087
7046
5066
9442
7652
6206
6391
1422
4294
1733
2243
285
1965
1722
1051
6988
8527
8073
6802
5797
1590
9639
3960
3625
4670
2519
6830
5743
2751
5394
2700
5293
7737
3520
9393
8735
1988
7776
7902
925
3767
2638
7162
5983
8449
9853
9737
8622
5866
8830
7265
1214
2199
2120
2871
5
1451
3385
7199
5667
8682
8239
7932
7242
8039
1950
1409
3210
6567
4131
7447
9347
6798
5948
7119
9087
7120
5396
7711
4323
4190
6568
702
6813
8252
1731
333
145
8114
8807
8887
9843
6136
9815
6650
3026
6714
5888
8463
4395
7278
9388
2565
941
5317
6279
3995
9612
9320
833
4895
3351
8815
6750
9771
9387
964
1393
8757
7256
968
8499
1701
5422
6913
4499
3354
5694
9965
9767
7765
4065
4359
221
7749
4765
2056
941
3300
6322
8593
8241
7807
9831
9620
120
1487
581
4913
1755
3054
4779
9345
5963
8607
9538
9292
5906
4547
8278
3182
5127
9249
6209
7475
2391
2906
8014
5717
6221
5548
8328
475
7152
9409
3816
4168
8303
9772
207
5300
1874
1896
8891
2712
2481
6832
5847
4126
6033
6771
367
6125
4560
4058
5663
8290
5081
7870
6714
1964
2382
4400
3444
486
8421
656
3258
7994
5158
6015
684
833
1424
3938
6736
7074
2806
324
7338
3866
951
8941
4408
4200
8547
7905
4869
3079
561
2931
282
7793
4472
1176
2348
9826
8267
5657
6401
4331
6514
6769
7831
1683
9818
2754
2986
9573
1977
7320
872
3706
8891
3684
1589
3225
6099
1444
8425
7288
2182
6050
6540
295
7256
6023
9242
7159
6625
8665
8150
6823
5255
1282
9504
7486
445
6067
2819
3129
2930
7777
2326
7912
5526
5569
7982
3425
3574
6974
5987
9972
8901
5215
9076
4688
8086
7661
8262
7331
2650
839
4459
7406
1385
6510
3569
4412
2156
4613
1518
4416
4670
958
6565
7405
7679
3282
1425
2889
2917
2573
2455
7774
2738
5631
7269
5451
3355
1280
50
4425
8651
4655
143
811
2605
932
2504
5651
4896
8758
3980
944
8119
3232
1435
9834
8301
3365
617
9965
6019
9497
1410
4598
2637
5543
4100
542
7776
8941
1630
496
1994
2900
8284
5885
1444
1181
2851
9661
5793
7656
2914
5478
1375
6363
2995
799
7708
5165
9094
1735
1382
7693
5140
6081
8829
2610
8840
1868
4315
6502
8372
4121
7023
2817
1526
4955
8147
62
9887
1890
2731
4901
1479
5115
330
7185
2354
8592
2395
2998
6208
3918
657
6148
9064
87
922
5068
7714
9389
8471
9699
3866
7569
2056
8311
1358
7773
4017
7005
4474
5651
1478
9085
2236
3633
119
4863
1659
6326
7120
2082
258
6586
2787
8045
450
1091
7795
3447
3399
6535
9218
2252
8272
9587
222
7973
1929
31
1151
2107
235
2904
4434
9346
1806
9298
8494
5379
3297
1887
4389
9843
9694
7702
7127
6178
1283
9620
4456
8342
5370
4318
4204
2155
9598
9324
7036
1840
2740
7727
5660
8672
8183
1718
1
7271
6450
4026
9492
3548
5826
5026
2028
4921
1328
497
9813
5302
5442
5293
6595
2500
9885
6664
9070
9895
7417
9553
7049
8320
2150
3218
4838
5052
7948
1344
2296
9500
2803
147
2530
5183
209
6092
9221
1334
2995
158
3596
3692
9370
7872
2787
3698
5634
5553
5611
8133
1135
9132
2574
7518
6762
1441
1020
5675
4855
4184
4733
1094
2066
2588
7013
3242
7194
5273
9408
2449
4136
3916
8425
7906
2559
5274
4364
1825
6677
901
6951
6407
2269
302
1229
1697
6348
8804
5919
8895
4266
409
8672
7054
2495
6661
7509
6220
1416
8132
6416
1462
656
3525
8560
4731
5649
5705
2978
9919
5195
5631
756
5938
2160
9201
5704
182
6709
2302
3569
2884
8341
7760
7454
5081
1294
7841
5785
8893
9020
4603
6523
6099
6896
9648
2128
9663
692
5938
9256
1545
4067
4818
9651
7903
2560
8775
4337
6240
6929
6992
2569
8660
7288
5006
6517
9455
1043
2668
4734
8632
6836
7988
2406
8836
3477
1610
168
3377
9080
5989
4223
314
6858
6251
6191
3865
3798
3127
9604
9508
1756
7728
4234
8757
3460
8232
1713
7439
3327
9685
6904
5320
3024
1220
9235
3428
367
7211
9328
5546
3571
1454
945
9295
4809
8507
2023
2863
4309
137
9871
310
9559
3974
5307
9190
4362
3517
476
1873
9475
1927
9099
9464
259
3913
8644
2337
1948
4604
8373
6066
5417
3947
1612
1783
8134
2149
5354
3478
1305
1889
9523
7889
2610
1775
2762
9695
1625
5674
1008
3869
5516
1489
765
7018
8168
4539
5183
3575
3739
2308
9399
3003
2445
936
7059
2322
5611
8664
5545
9934
5443
4461
2447
8698
8768
8163
467
5624
6665
580
7473
9269
2694
3398
9651
6697
5760
6155
9845
2093
4658
903
8792
7911
6964
5058
6719
2823
2798
1098
9324
2227
8648
5955
6817
3865
1958
5499
3465
1270
1362
165
1716
3189
4846
6678
3795
1069
2084
4684
3069
2904
5126
4789
4065
253
8872
6305
3784
274
4991
4226
4631
9339
4876
2698
6021
9023
2873
7924
8710
9289
4088
6341
6318
2538
851
5491
7869
261
5380
9027
8484
6473
9272
4642
7349
66
1800
3122
7094
5014
4189
560
2364
8207
7357
4554
8562
7230
3553
6964
6386
5665
8674
1956
1255
7313
4665
500
2994
8434
3880
1850
1574
371
5021
7831
3995
1126
8165
9346
9148
9499
6525
9281
3853
7096
9625
5154
4979
6290
3802
2771
2297
8104
9707
3778
4042
3726
8374
4238
363
1378
1965
4474
5400
3408
9275
5198
6123
8329
3662
5860
3483
3542
3112
865
9612
695
6606
2169
4400
8323
9621
6026
8752
128
1230
7121
5017
9499
226
5407
3711
9095
7921
8823
3548
9657
2255
9778
1128
8542
2554
1365
6257
6810
3148
983
9414
8739
9112
4894
3416
5410
8381
6330
8224
5709
2311
2194
3587
310
3864
8912
7208
2330
8432
1512
9139
5538
8858
1424
826
1375
8280
9439
4485
5939
543
5229
2686
7179
7624
9284
7795
1963
1995
8162
1751
9713
6894
9097
5753
3820
2016
730
7447
2882
6782
2439
8550
8849
4390
4711
8804
5081
3324
2218
8020
7534
2117
7615
4964
3550
4571
8522
6712
5617
8231
7538
4289
6652
3721
3599
1168
435
4147
3279
6832
9035
9427
4636
549
1180
5273
3427
4015
4737
8733
8881
3911
3988
1167
6822
5363
8308
5401
8836
8196
4681
9120
2522
83
1119
9712
5280
7232
4651
4490
3841
5493
1800
6620
6150
1538
5017
4657
291
554
359
6153
1460
7314
1602
6385
8791
9801
8924
7472
2346
4607
7766
2103
8550
2408
2286
7129
3414
2820
9350
6714
1591
8575
2225
7445
1270
6666
8121
7333
3050
9134
1059
6393
4145
2244
7100
8820
993
8705
3296
7772
5603
1082
3123
9231
4777
1777
5276
4247
6207
6324
4102
3370
4942
5876
8065
3543
9370
6157
2378
2768
7568
144
5092
2724
465
1651
8338
7108
9651
3329
9394
9424
6397
6159
5981
2218
3716
4491
4593
4052
1691
2406
2476
2887
8553
2196
7965
1324
9145
4794
9496
4560
3433
4119
2824
3222
6798
8161
9091
625
5283
6434
9989
1125
9705
5319
6408
140
3910
3704
3226
1061
986
7779
2200
9957
436
8557
3707
974
6199
3566
7143
542
1577
4224
2671
4081
1498
7858
8133
933
9172
7899
8159
180
5266
869
573
6128
927
7431
3863
3228
6268
41
1524
9182
1684
8393
2624
2322
8621
6059
1057
96
7625
3792
6424
3064
8680
685
3130
5849
6452
3995
5311
228
3697
6192
1891
3373
8536
4832
9589
4081
347
887
1724
5525
7900
496
980
6652
5884
1400
179
2179
7298
3633
7626
2375
7709
8469
6228
33
1880
2518
8737
4554
4010
9952
6297
3021
3291
5683
7154
4463
7543
2125
8730
3109
1988
6062
2004
5596
276
2285
6730
7784
4794
8917
1450
1941
1024
2436
5056
7920
9052
9033
9232
7871
728
3887
7977
967
3104
6542
9552
6109
6531
5406
6812
577
4179
7635
5212
6717
173
7323
5748
1898
7228
2502
4235
1675
3996
3604
3437
8340
1695
9131
7169
8828
3253
7679
7223
6750
2723
8603
2987
68
9014
1403
4576
2428
3755
555
5773
8956
6066
3787
1692
8723
5458
9980
9771
1961
169
9314
5087
7440
3479
2462
2152
8576
4591
3775
7711
8070
7948
3735
4889
4192
2940
1831
2565
4827
8105
4494
7319
8763
1115
6995
2161
7608
2905
5840
3041
452
5480
3351
3785
3845
4866
5698
5218
968
5977
4253
213
1597
1276
2080
9732
3895
5732
3000
4379
5729
1046
149
4751
5404
3784
910
5823
4437
5834
2446
2547
8851
4971
8279
5066
9274
916
2095
7724
1479
6620
5173
6588
5952
6486
2574
5154
