9914
3796
4510
1856
7058
874
1246
1672
6886
1648
5450
1738
2108
2176
6150
5298
164
9684
8940
8286
1824
7534
6596
1630
3934
352
9616
1434
2260
3348
6960
6312
1746
7182
8620
1876
820
9440
7902
5840
6480
8664
7236
9956
5430
4698
5966
1516
5802
6504
3218
8136
5006
2562
3168
2950
8844
60
9660
2678
5534
4614
950
4946
5056
6966
3966
1064
3412
296
178
6754
9540
3892
5208
8580
370
7230
9156
7044
4686
4316
5854
3382
6664
6678
1106
3948
4760
7532
3136
132
9550
1826
8978
234
1348
4750
8740
1310
1632
6064
342
518
2250
9092
3298
7460
4616
5572
3208
4558
7196
9432
5940
8206
3418
9316
4480
6212
8500
2530
8372
2776
9088
5046
846
1824
7520
5872
8906
1146
3404
6082
6540
2480
8164
4130
5408
1494
1772
3164
4376
9824
7260
2384
4576
8550
3470
9168
956
9680
4908
4840
7420
7222
8936
9624
634
6054
7752
8852
2762
7008
9782
8144
5888
9848
9956
7846
9300
6928
2718
1504
8984
4830
3364
960
2100
3736
4570
438
4722
6278
7026
5500
8780
2094
5888
188
2880
7290
9090
2604
2376
794
5060
2758
2710
3802
1898
6690
6830
5392
9476
5864
6458
8486
7966
8538
3676
7898
966
5160
3950
9342
1396
1856
2704
9880
6530
3718
4098
1760
800
9602
7236
1378
2376
8596
2072
4696
6236
9600
1812
8284
7850
6316
4054
2276
3644
1380
1544
364
9942
5652
1972
770
7882
2618
1826
5062
9304
8032
8280
2770
8070
2206
8592
4532
6514
432
2096
2008
6668
1406
538
7114
598
412
7560
5392
4444
2690
2772
432
9500
9990
3002
3662
7020
1168
2482
9230
3118
1928
5948
3136
3166
158
6976
9616
4044
9546
1370
1896
3906
3948
1428
1170
5262
7198
1816
2182
6656
1920
7996
408
9014
2488
7166
716
1900
8196
6566
4734
1630
7644
5914
5328
1946
5702
5804
1420
4208
4652
3224
8960
6586
6660
2090
4950
7514
782
3632
2844
2656
4052
530
4574
2482
7520
3954
7942
3634
5072
1570
56
5158
8374
5722
7438
98
9598
9266
8528
620
9578
2952
1620
4086
4392
2578
8370
8748
3434
3946
2808
3288
4970
9776
948
2118
9104
4972
7974
5132
8098
9064
306
8524
4012
1680
708
2966
4280
5858
5360
8612
3726
2110
5370
8294
9396
8860
9960
8436
3346
2890
8798
6078
3816
8216
9666
5434
3172
2760
3552
900
9516
6784
6124
7598
5140
5220
40
8682
4738
3100
2084
9000
5820
8284
3038
3350
3300
4104
9496
4976
2326
7334
7892
1342
7390
3580
7030
5052
280
6030
5276
5378
3512
6172
3798
4718
4158
9472
3966
870
1326
5328
6198
316
7808
7040
9460
1186
198
3378
486
4510
358
3870
2496
6080
2194
5740
1086
6746
7784
9314
8278
2414
5320
2542
4236
6588
8488
9544
4714
2310
9010
1366
872
3662
9746
5780
1896
6824
9330
6522
3688
2974
1136
5538
3738
1576
9628
2690
9104
7480
3890
9856
1886
2494
448
1680
5852
3638
8040
4654
8216
3822
3558
6058
26
2968
4742
5898
7598
4894
5392
3932
8424
3338
8446
7126
842
1466
7870
2
6172
8622
9808
7328
8912
1498
1158
8378
986
4786
2002
942
8156
4654
80
234
1528
6926
582
8332
8626
8248
7144
916
2166
912
9584
7378
8014
346
9678
7774
9288
866
8006
7456
8104
7614
966
2544
5092
2840
2134
4854
7884
1828
6672
7766
6980
2060
7536
9458
484
7472
7894
3914
986
1074
7696
3944
1410
1874
8118
2348
4008
5804
1802
5194
3804
6642
232
8174
6226
8252
7736
8950
5688
4974
8462
4548
6354
1912
6516
2908
7170
7364
5612
1428
4602
418
1892
7796
9524
1296
9262
3410
4704
9352
7712
2284
2958
9008
344
3564
9792
3332
2236
5986
9550
7096
3508
2962
8780
3064
4894
9078
5472
3400
8948
260
5706
7502
2152
3262
8166
4412
3358
8998
2602
2624
3032
5778
2926
8638
6564
4070
8480
3928
7778
822
1306
18
5230
9026
6856
7514
4430
5772
9562
4084
6706
9706
7624
5350
7270
3310
7986
7772
994
6976
5880
2456
8474
9866
5398
3858
1568
8110
6342
7978
4482
5462
4722
1170
2310
2832
6764
2582
2712
2196
5386
2426
6136
6822
4762
1210
438
8048
962
976
4440
7514
2304
4382
5870
5866
7796
3262
3192
3728
6666
408
7874
1052
2076
3050
1374
162
1982
1978
70
2600
5566
3180
7838
7508
9138
4674
930
5936
5066
4586
3846
9570
2614
6658
6790
5300
4144
4898
1978
5336
5800
6850
9268
4658
2196
9142
2804
8464
2728
7050
5822
336
9006
8382
190
2826
7734
6200
6406
8754
4570
4630
9148
436
5990
5332
1404
4364
8880
396
1944
3534
7248
7546
7182
7600
7370
6818
2678
4262
8918
4904
6358
9294
7234
5764
3600
1348
1358
6114
8308
6418
5856
3184
5354
8124
4066
5868
8906
6792
794
4876
3538
8134
5492
1252
6754
4386
6448
4332
690
6784
9818
234
4530
4004
8616
906
8732
5158
8582
2112
3042
1194
6352
2988
8608
4636
7030
806
5050
5472
1392
4320
7438
6284
7682
872
9992
6428
4618
814
6550
1846
9486
8944
1852
5872
352
3044
1254
2274
3250
8304
2736
2134
8278
3956
6322
9494
1482
8464
9790
2910
1424
9116
4316
1350
900
964
6286
2906
5832
208
6656
3292
4316
1770
6664
7736
4552
210
6646
1146
1168
1556
9698
1792
2744
7366
2526
5846
3936
6322
3402
334
5962
9194
9932
5590
4494
5232
3790
8348
9080
2030
9490
7602
5818
6582
9152
5478
886
3052
9790
564
3204
1814
1102
5984
4546
4152
9818
7422
8238
2940
1130
6398
5714
652
6492
5840
7014
4834
9146
8622
6108
4256
8176
3680
1178
6920
3540
5636
7378
7544
1806
126
7926
2804
788
6518
8706
734
2256
8762
9472
2544
1894
528
2912
4960
6092
1124
4226
5590
7690
278
4590
4270
6686
5504
1842
8632
6454
2720
2518
4338
302
678
626
7694
3062
3554
4624
7728
1994
1488
5374
7564
8388
8400
8032
7206
6806
8678
7386
598
4264
4270
6734
7580
7260
4872
500
6092
7054
3472
962
5964
2892
9210
3802
9432
3236
1256
9048
8680
6782
7922
5844
6662
7156
5802
644
762
8178
9718
382
732
1910
440
8854
168
7982
586
9570
3168
1304
3884
3084
5602
266
1292
7320
5194
9854
430
4878
3334
5204
3896
5880
9506
3246
3420
4156
8888
5198
1552
9814
1026
392
2234
270
9042
6204
5046
6822
6478
7852
4904
9372
4884
3052
9726
730
7444
2046
5490
3906
8124
6042
3252
4864
3150
5572
2846
878
3892
8680
8596
6742
5790
8114
8534
3934
82
2764
3970
7030
1880
6434
8904
7382
950
690
3878
3496
4932
6082
7464
5544
2850
4172
8666
1976
7666
6382
9174
2632
4032
3858
7930
4272
6490
8006
7316
8620
3320
376
8450
2370
7410
8292
4442
3648
344
9722
2120
3846
9042
2768
7246
7692
9696
6116
8198
3620
9438
4554
7108
8872
2584
6360
6328
82
3424
1234
4876
9178
956
2214
2098
5388
3784
2764
3654
7890
9468
464
2814
5920
6994
5020
4212
4612
670
654
2446
1266
3096
1676
920
7622
8786
7122
860
1818
8242
3298
5172
2836
932
818
5588
1824
6870
8304
7222
5414
966
1868
7602
3844
7432
3962
9928
5220
5314
6950
978
6422
1620
6458
5028
3166
5976
3016
4916
3600
1552
4248
7896
7950
9080
1028
6074
2454
1598
5996
7696
4674
3360
6320
7546
38
1890
6800
6070
9044
4460
5158
3064
578
9440
8288
7554
4010
4116
4364
1092
5460
3876
9468
7882
6976
3706
6096
4910
8430
532
8492
4200
2886
3692
2768
8800
2968
1426
6928
1140
8022
9690
4624
6858
5872
8800
3764
5634
8776
2182
9576
7074
1998
4276
8054
6836
8836
2730
3580
4504
3964
3202
9636
3364
5392
9360
7030
7540
9020
8514
6318
7572
606
262
3558
8074
4158
4936
6974
8248
3260
3914
4836
5278
2522
9428
1734
8604
7750
8500
9932
510
9862
1864
2798
236
9530
2628
9528
6452
2060
9578
8560
4164
9104
206
7676
8080
5306
2264
7338
8040
8042
3098
1236
4296
7048
8342
9284
3492
8864
4860
158
7144
9816
1548
132
1254
2742
7680
1820
900
374
9556
3682
724
5006
1852
5380
6588
3688
1486
8408
2128
80
9814
2402
212
8594
1100
3798
8556
3890
1318
656
4108
5792
9854
4824
4706
7658
5820
6362
8698
6630
6072
3262
400
1662
1866
9344
4246
972
7864
1198
3642
3152
1472
3192
7062
2774
5474
7496
88
6052
5252
3702
4438
5186
2306
876
328
1868
6760
2748
720
6394
6794
9432
6584
6674
2944
258
8130
3504
450
2606
1362
396
7852
912
9600
9442
9530
9990
3368
3996
7734
2878
2146
9242
6248
6070
3226
6572
6066
3460
7896
6436
1440
60
4394
2722
7628
4114
1754
574
1926
8732
2838
2396
7010
3250
8298
9468
7184
2866
4054
2858
7472
3568
5338
4302
4204
5752
7244
9408
8884
6794
694
1598
2512
8610
1918
1252
3198
2838
744
6614
8016
384
5494
4006
9348
8032
6400
8072
6848
8564
762
8580
7064
9718
1556
3378
7168
4674
3744
984
8594
8918
3332
7388
1086
6250
8376
1386
3398
4730
8138
1200
1736
5696
2328
7588
8376
9558
8288
4722
2802
884
2226
822
9350
5924
7398
8240
880
3966
2064
2662
2546
3114
6602
1284
2040
746
1976
5756
2120
644
3470
762
3846
4862
5400
3818
8808
7270
6532
6752
3624
3658
1922
4062
9864
6444
3376
5416
6258
4772
3702
4980
6302
5878
6500
9348
1672
5452
3002
8574
9996
2450
1114
8808
3258
1004
3314
9654
2224
558
7448
8210
2746
2854
3136
7208
230
7708
3376
404
4012
302
9406
7698
7092
6002
6342
6802
292
9542
7294
6480
2710
2302
1456
2054
3648
492
230
2458
5058
1394
6986
1636
9690
3624
7946
1876
8400
6452
3400
2162
1416
5272
3108
4374
4264
7872
9786
8270
5300
9788
4078
9654
5496
7144
9250
4534
6872
8218
8628
9186
5990
7646
6636
9972
8568
6974
4616
1478
3724
9078
9910
848
7230
516
610
1694
5188
4664
388
7608
1776
7222
8596
2752
2304
6006
8206
1116
9322
1116
4982
6026
4412
9788
4392
2704
9526
5544
6166
7816
5644
7338
5726
5364
3914
1360
2720
3406
2768
1822
9304
9280
316
3336
724
2710
8126
366
5350
2966
5144
1572
1198
1588
3018
8516
1290
8624
7578
2738
304
4860
9410
2128
150
3526
2892
2042
7908
1808
4268
7214
9414
3832
5796
2688
5004
6232
2664
4692
5714
5284
4508
2576
8168
9222
4486
9738
4850
3262
1842
8370
7042
6198
412
2784
4116
8808
4280
2182
4222
8232
8460
1636
5420
624
2728
3240
4376
1480
3944
4936
9778
5842
4644
6534
4748
2118
5676
4114
578
1346
936
9832
5650
7030
3322
6478
356
5046
7904
7706
6222
6096
2104
8930
1902
4538
1572
42
8524
4604
9464
1804
9856
3922
1430
7130
6094
9872
9388
1876
6268
5066
4868
2534
4516
2550
3294
6072
3586
5910
8068
9090
9996
7302
2756
290
3542
882
5148
4286
2512
3322
1504
466
440
1924
5206
9208
4754
378
3856
4500
9274
1538
4432
6274
6426
9846
6028
9836
5168
6568
2388
488
1768
654
7936
4804
9338
6314
9620
2320
2390
7338
4958
8590
1792
116
8158
6784
4712
4248
3812
9554
1156
5250
9242
7112
4954
5616
1104
7700
4482
5588
2418
4832
8680
8754
2282
9798
6604
7812
2688
5094
1540
3150
9024
7386
4510
4554
4152
5218
5338
4104
6004
2084
5780
1524
8186
5036
1216
7976
8724
2340
8440
8892
2044
1890
4130
6914
4320
4982
1190
8926
2824
3546
5436
2888
6164
9694
4136
794
3726
2418
4342
1486
374
4758
5262
9534
1474
5736
7954
7074
898
8726
1002
5792
8844
3044
6452
2364
5588
9994
2362
3304
6946
7160
4144
1000
4908
6916
2626
6690
3038
9050
1268
3058
6750
9320
9612
4560
4200
4408
7320
2986
2754
9818
1410
9834
3232
944
3980
8758
4896
6208
2998
5302
8320
9070
6664
2500
1020
7906
3916
4136
2322
936
580
1270
4846
1716
1362
1958
8648
6290
2554
8542
1128
9778
2016
3820
6894
8162
1180
3716
2218
2406
1324
2196
2824
4560
9496
4794
6434
2200
986
542
1498
7858
4224
3566
180
5266
9172
3228
6128
6268
974
1524
3130
8680
3064
6424
3792
96
2322
2624
1684
9182
8730
2436
1024
6542
3104
9552
5212
6812
5406
728
2502
7228
1898
5748
3996
9232
6750
8828
8340
3604
9052
7920
5056
7608
4494
2940
4192
5480
452
5840
2080
1276
3000
5732
9732
5404
910
3784
1046
968
5218
5698
4866
7724
916
9274
5066
5952
6588
6620
5154
2574
6486
2446
5834
7948
8070
8576
2152
2462
7440
9314
9980
5458
1692
6066
8956
2428
4576
9014
68
1450
4794
7784
6730
276
5596
2004
6062
1988
7154
9952
4010
4554
2518
1880
6228
7626
7298
1400
5884
6652
980
496
7900
1724
4832
8536
6192
228
6452
436
3226
3704
3910
140
6408
6798
3222
2476
4052
9424
9394
7108
8338
2724
5092
144
7568
2768
2378
9370
5876
4942
3370
4102
6324
5276
1082
7772
3296
8820
7100
2244
9134
3050
6666
1270
6714
9350
2820
3414
2286
2408
8550
7766
2346
7472
8924
1602
7314
1460
554
1538
6150
6620
1800
4490
7232
5280
9712
2522
9120
8196
8836
8308
6822
3988
4636
6832
1168
6652
7538
6712
8522
3550
4964
7534
8020
2218
3324
8804
4390
8550
6782
2882
730
9284
7624
2686
8280
826
1424
8858
5538
1512
8432
2330
7208
8912
3864
310
2194
8224
6330
5410
3416
4894
9112
9414
3148
6810
3548
226
1230
128
8752
6026
4400
6606
9612
3112
3542
5860
3662
5198
3408
5400
4474
1378
4238
8374
3726
4042
3778
8104
3802
5154
7096
9148
9346
1126
1574
1850
3880
8434
2994
500
1956
8674
6386
6964
7230
8562
4554
2364
560
5014
7094
3122
1800
66
4642
9272
8484
5380
2538
6318
4088
8710
7924
2698
4876
4226
274
3784
8872
5126
2904
4684
2084
6678
9324
1098
2798
5058
6964
8792
4658
5760
3398
2694
5624
8768
8698
9934
8664
2308
8168
7018
5516
1008
5674
2762
2610
3478
5354
8134
1612
6066
4604
1948
8644
9464
476
4362
9190
3974
310
1454
5546
9328
3428
1220
3024
5320
6904
8232
3460
4234
7728
1756
9508
9604
3798
6858
314
9080
168
1610
8836
2406
7988
6836
8632
4734
2668
5006
7288
8660
6992
6240
2560
4818
9256
5938
692
2128
9648
6896
9020
1294
7454
7760
2884
2302
182
5704
2160
5938
756
2978
8560
656
1462
6416
8132
1416
6220
7054
8672
4266
8804
6348
302
4364
5274
9408
7194
3242
2588
2066
1094
4184
6762
7518
2574
9132
5634
3698
7872
9370
3692
3596
158
1334
6092
2530
9500
2296
1344
7948
5052
4838
3218
2150
5442
1328
2028
5026
5826
3548
9492
4026
6450
1718
8672
5660
2740
1840
7036
9324
9598
4204
4318
5370
8342
4456
9620
6178
7702
9694
8494
9298
1806
9346
4434
2904
222
8272
2252
9218
450
6586
258
2082
7120
6326
2236
1478
4474
1358
2056
3866
7714
5068
922
9064
6148
3918
8592
2354
330
1890
62
1526
8372
6502
1868
8840
2610
5140
1382
9094
7708
5478
2914
7656
1444
8284
2900
1994
496
1630
7776
542
4100
4598
2504
932
50
1280
2738
7774
3282
958
4670
4416
1518
2156
4412
6510
7406
2650
8262
8086
4688
9076
9972
6974
3574
7982
5526
7912
2326
2930
7486
9504
1282
8150
9242
7256
6540
6050
2182
7288
1444
3684
3706
872
6514
9826
2348
1176
4472
282
3866
7338
324
2806
7074
6736
3938
1424
684
5158
7994
3258
656
486
3444
4400
2382
1964
6714
7870
8290
4058
4126
6832
2712
1896
1874
5300
9772
4168
3816
7152
8328
5548
8014
2906
3182
8278
5906
9292
9538
3054
120
9620
6322
3300
2056
5694
3354
5422
968
7256
964
9388
7278
5888
6714
3026
6650
6136
8114
8252
702
6568
4190
5396
7120
5948
6798
3210
1950
7242
7932
8682
2120
1214
8830
5866
8622
7162
2638
7902
7776
1988
3520
2700
5394
6830
4670
3960
1590
6802
6988
1722
4294
1422
6206
7652
9442
5066
7046
6560
7070
2456
7002
4902
2634
2230
8062
5334
778
1152
7612
4312
5156
1056
8024
618
5192
2936
9512
1556
2622
4858
8718
7916
388
9632
718
2336
4598
4810
3680
7262
9842
9060
9214
2610
4834
4102
6242
3832
7958
6680
1842
9574
2378
5746
880
1030
1560
8242
2356
5400
2256
5742
2546
3100
2296
3330
8404
8322
5690
2138
9702
4788
5968
5560
7402
9672
8338
1764
8664
2686
2970
5004
4820
4778
3578
4690
7316
7766
1582
5242
9350
2158
2952
1504
6626
8446
4784
9956
2494
5996
8266
5464
8920
3330
5268
1384
7824
4688
4544
1266
4596
7770
1890
968
462
8184
8104
6978
4468
4474
1736
3906
6146
5128
4964
1480
8414
3344
2614
68
7200
9466
3988
6762
9474
1812
6416
8770
854
1764
6442
9044
5926
906
4814
3736
4412
6768
3676
3922
4934
2264
1050
1770
1598
8564
8762
1166
2252
298
6288
8066
6978
1540
1968
9248
7566
8328
5730
9650
9226
5922
8360
8048
9926
3788
862
6980
6170
2930
6440
712
594
9314
480
7208
1826
3306
7234
5036
8562
3256
2006
2948
1940
3684
5046
2382
8364
7326
9224
5530
7330
7786
232
2580
8232
9120
3254
8012
9828
2534
3234
308
1578
1102
4802
6682
722
1424
2088
4740
2438
8632
5688
2300
7456
1468
9854
5938
6186
3436
3976
2090
4722
6286
8050
1858
8050
2094
2388
7306
7488
5330
8486
1578
1134
6892
6322
6826
5258
7066
4754
6762
5820
2510
7096
662
9320
5024
1116
6492
2906
4370
8958
2574
7986
4796
7824
4982
6980
2768
640
3904
8030
6446
4836
1096
6266
9466
5356
8748
2258
5316
3040
5268
6884
8512
3866
2796
7644
5778
5838
6458
8414
6056
7006
4824
9796
3244
5780
716
7014
210
652
218
358
5922
794
4944
3198
1662
9370
7872
3830
9466
8530
1276
110
604
6140
4264
8898
412
3976
1930
4590
142
5594
9346
3918
3456
5496
4582
9174
3474
9292
82
5058
774
6058
2442
9920
306
7830
8594
8526
2460
5238
4906
3974
7760
3364
4290
7536
5344
5586
9792
7656
8446
9350
5092
7654
840
3656
6092
5598
1092
8676
8826
6582
9200
3064
7928
7018
6300
182
4970
7496
1348
8158
8342
2082
4540
520
454
4840
8356
148
1968
2510
4230
678
4336
3794
5338
9692
4620
5884
4308
2586
5202
5270
6898
1856
1948
3404
9366
2378
6378
3806
4856
5202
3550
9064
8092
906
3904
4812
3824
3282
1512
212
1306
6002
8382
2388
7502
9472
4322
9968
8424
8296
7494
4732
6680
1744
5838
6642
8906
4414
196
1690
3404
1524
3290
8024
6986
9308
2966
5680
8760
6692
1492
3506
1960
9890
4306
7348
3568
7892
5616
5020
9136
9068
8526
5108
5222
5134
766
6810
7674
1974
7752
4822
7094
7706
5784
5816
1976
6762
6132
9324
9706
7828
236
2014
1642
9308
702
2870
2262
8366
5706
5428
1386
7934
874
6584
4676
3982
5778
4956
8348
2140
4198
6590
9126
514
7286
7562
9644
6378
1250
9650
3582
9036
9854
9034
2634
486
5884
2688
2034
4578
6552
2944
2904
8086
6926
8804
7960
3184
1370
2766
5566
4256
376
4786
4136
68
3240
5892
3414
6088
412
6150
66
6326
9888
7486
4142
5908
5500
9060
9962
5928
5478
2492
2932
1856
2922
4406
9308
6214
9910
9700
1478
9124
4412
7398
3312
4978
6000
7004
1268
9316
9810
9176
2314
2358
7906
2556
1876
7448
1984
4544
5078
9640
8248
8790
920
9938
2380
3436
286
9374
5774
7920
3140
8290
5932
8686
2226
3706
9326
1918
3196
2744
4602
6952
3082
9552
4462
1100
2342
1222
3862
3032
5110
2148
536
3298
5974
1474
8270
6868
750
9528
6002
5004
9514
1490
9412
6538
1912
9846
6992
5742
5278
9088
7392
3488
3894
1094
6844
3258
7404
5194
6448
6248
28
4856
5140
5058
9222
6024
3776
934
2076
7736
7784
6730
7364
2790
970
766
400
3652
7520
888
8268
1468
6760
7484
8302
6310
7244
4682
7324
6326
8348
4494
6956
7314
1622
3662
6860
1896
9416
1094
6370
5886
2292
7846
4596
7054
2114
7598
6944
2118
7244
5310
5204
7310
7776
9348
7282
5466
9376
3688
1702
4634
4492
6178
930
5760
5590
8988
4302
5898
5378
3484
3580
2584
514
3830
2242
632
9050
2444
376
7240
2326
8460
1116
9708
8986
8738
5184
8606
3562
7216
7896
5382
3944
9856
4514
4940
3902
1314
7026
8910
8994
7064
4590
6682
6348
6472
5748
7900
3466
5286
5794
5616
2278
2058
9864
7908
3400
6438
1886
6890
808
348
2744
4132
5248
314
4802
9608
8192
4070
4196
320
9962
1840
9080
9516
1948
5122
6324
7398
4022
4624
8206
6096
9874
8214
9436
4400
1222
9576
5468
7630
4694
8794
1296
1622
9516
5584
8666
2726
936
2884
5324
7366
3456
5638
942
4804
1936
1418
220
1348
1534
2196
6798
4908
872
244
450
850
9640
9168
9072
2570
1404
7560
4146
3760
4192
9342
9364
9600
1836
30
7562
4822
3806
7408
5136
160
9860
9552
4990
984
4572
9304
4102
1280
8994
756
3072
1566
9546
3954
8580
7062
9448
6830
1572
2714
6396
376
7942
4938
2712
8484
7818
9434
4358
2704
9392
1380
4908
7282
3122
5210
8102
2002
2620
2310
3298
8770
3956
4378
5550
9212
1856
7196
7868
3148
5812
7976
9880
1764
7202
2930
2082
8232
5112
8074
598
434
1718
1370
6634
4998
8
3318
1068
1998
9058
7802
9170
5352
2424
8892
2588
1214
6652
2122
2534
8622
8596
6832
9244
8284
5816
7756
5658
5188
9034
2702
9980
3472
7738
378
3058
6608
4606
128
8630
9402
4652
2232
2442
1636
6398
2400
1272
2840
1102
1424
3104
4786
218
5534
3998
4666
5538
508
4072
6226
7142
9546
9010
2830
1056
5728
7924
7664
8184
4778
7192
9546
2300
3864
8366
1864
3126
1004
3358
3416
3438
6278
8120
2768
9078
1590
2548
9988
7216
1730
2282
8518
1706
3988
7816
4108
7092
862
9260
2096
1408
4610
7362
2774
1340
5056
3072
7680
7438
156
8702
7254
908
4428
8050
7462
5652
970
2832
9366
5584
102
5716
3212
8630
4000
1692
3702
898
1568
7016
8012
3894
3270
8392
7816
2666
802
2770
4762
3160
4198
6526
2752
806
3394
4600
9374
7184
3514
3638
4374
3938
6626
7494
6616
4250
2144
5320
42
1626
5266
5726
5460
1822
100
6504
8638
732
700
8798
6650
2174
5114
9130
5316
8666
4524
1850
2076
6566
3768
2120
7604
9792
6260
376
4388
8180
134
1464
1394
5590
794
8490
2886
3992
6762
3686
888
7840
908
3920
3280
4
22
5382
4692
2062
6432
3058
6716
1292
6002
8172
4126
906
3144
5412
1606
4378
9648
8064
2570
5888
1558
4858
7040
3070
172
8488
6358
4062
5014
8442
4556
8674
4948
3516
8322
552
1956
7204
5916
3908
4460
4516
1064
7758
6216
4124
5420
7256
3156
9378
8318
2288
9522
8114
2692
7944
8570
7988
9148
4946
4534
5936
8442
88
1544
3734
136
7034
6454
5548
1590
7078
8388
9006
6558
710
6460
628
2058
3040
7866
8156
8846
5548
1030
2052
9024
7886
6366
6202
620
4234
4920
4126
3566
5474
1844
5712
5852
3260
3532
5230
2212
3540
6622
818
5008
5496
768
2414
7828
3294
2310
5886
1518
254
44
5278
332
2802
4674
6864
8126
7164
4758
1596
5810
3286
5174
9860
8136
20
754
3888
8666
6728
9286
3564
5662
6286
1096
3678
1550
2382
3610
5520
2948
7062
4744
3858
3306
6096
5498
5850
2496
3086
4420
7436
3878
194
1716
3766
7928
8314
4036
7116
4354
1894
4140
376
460
6846
8316
170
3582
7372
2946
2374
7242
8586
6344
7344
6640
2666
5756
6638
4520
8222
5532
9568
2796
6562
208
7798
7252
6928
540
1322
4150
8988
7388
5178
6048
7706
8260
9448
8062
1020
6134
5932
6616
9628
3650
4318
2444
8176
9184
4306
1788
6046
876
7566
644
8906
9280
1874
7892
4212
9588
1522
4990
9226
2246
3218
5956
4340
4286
5698
6520
8940
9318
292
7056
5184
7718
8724
5022
5850
8076
6580
6352
6736
4200
7014
2062
8558
342
7738
7952
7552
5444
2954
4500
208
4416
7152
3248
5812
4094
298
6836
6680
2132
8346
7724
3046
3816
7370
666
1660
3998
6568
7352
5276
8438
2852
9906
660
3290
6780
3428
8574
5274
7418
82
1102
2716
6988
9016
2260
4716
2156
4626
954
3662
5884
2016
8516
5140
8008
4724
5350
5754
672
2094
5422
5494
8458
3890
6576
2528
2666
3840
1108
9240
1972
4638
4422
2562
5688
3826
3548
3192
1932
5960
8168
3054
5698
8760
4676
7114
8746
9902
848
4476
5028
5050
3758
900
162
8026
4546
7296
1844
5418
4158
2532
3758
7602
4730
9540
9968
3928
1048
6842
4938
2378
774
5918
3362
9712
1840
4246
240
9378
8306
1952
1586
1764
4744
2098
1280
1986
38
3680
8780
6958
6144
9520
6380
2610
8192
1874
4586
1812
856
8524
5096
7704
6338
8154
2170
3330
2342
5658
4142
174
3402
5090
3004
1108
3456
6718
8446
4150
3580
5066
5396
8176
2216
3010
4364
8576
1614
8272
9894
924
3938
9606
944
5478
9338
1466
8426
8048
8942
380
3920
8982
4988
998
3732
2808
4614
2008
3952
2812
5240
2386
9508
3480
4250
1906
9260
6634
1004
8280
4616
7490
5342
8234
8492
5606
1402
6946
5348
2706
2886
7642
2896
6024
6992
2408
1278
6886
900
6650
2846
9688
9176
3018
7122
7758
9650
4740
690
4034
9372
6508
4254
782
4302
8180
2774
386
4836
5950
876
8904
8740
7000
5214
2218
266
5714
5066
4484
8814
5118
4626
4722
8998
8478
9426
12
7196
4102
9596
7376
4880
5032
7464
3254
7384
7162
1954
5034
6304
9118
636
4700
3322
7220
3424
3390
8922
9032
5748
7154
2588
8844
6580
9878
6732
3298
2620
8182
208
6474
6956
6958
6018
3888
9888
9098
5280
4740
9904
8564
172
1904
9032
3378
8326
424
2512
1028
6644
6404
2066
8646
1366
3912
3556
4800
6444
9510
3602
6544
7804
5436
6972
5704
8150
4578
896
2324
818
8774
798
3062
954
1606
9852
1566
3226
6056
7714
6354
9242
4660
478
6528
9040
8940
2060
7842
9176
7062
3624
1732
9718
7292
1220
3778
8772
1770
8260
9420
6412
4592
7036
9356
1528
1442
458
8526
8112
3094
9722
4886
6274
7852
3118
288
5918
3874
7914
62
2708
9950
5376
8406
1216
9872
6086
5428
7158
1984
1020
8300
2520
6096
500
4680
7476
186
6658
252
5072
5526
2368
4974
8252
2254
6016
980
1088
5862
890
9224
642
6914
286
396
5010
18
7506
498
6478
8888
1886
6888
92
9718
7284
6178
4034
9880
7872
8596
1144
9804
7708
8258
7794
9060
7424
9058
2262
566
6984
3970
4690
2376
8752
7336
6638
3142
6072
8284
7844
9420
2004
6874
4140
4482
4162
5970
4670
5856
8406
4314
7256
9138
8428
8284
1916
5658
4298
7990
7382
6760
9864
6786
9746
3794
1144
9072
7292
3586
4824
9970
6158
5590
4518
6936
7124
5340
9190
7706
6662
8128
750
8806
2086
2282
7240
8106
5258
3300
836
368
9220
1360
8040
3914
6432
1464
2094
8948
7614
6542
1966
9928
7136
7050
9912
7420
8498
1862
7656
4286
836
1414
4242
6834
3264
2732
6250
3596
1348
3002
9870
8694
1280
9326
1074
4488
7458
1912
1302
8388
2906
1746
286
5268
1706
4212
5022
4982
9236
9774
7770
2900
1586
9376
2750
2432
6248
4834
5538
6888
1840
6010
7686
2280
514
2054
5270
1914
4830
3498
1736
3142
3992
7658
2934
3952
1408
9228
9674
5884
6988
9386
8364
4548
3698
9532
7494
2440
6906
252
1144
5406
9326
8972
9888
9472
6060
1880
7010
7596
2892
2192
9202
8756
6890
8382
2682
1444
8366
3766
5098
3968
9382
5560
4916
8300
1448
5568
7018
5164
3000
9112
5556
1954
8306
4372
5064
1476
9474
5306
7546
9214
922
9372
1262
4264
8224
7326
9164
6052
1996
4450
3460
1598
4472
8576
2934
540
7412
9636
4880
6042
4364
5448
1824
8244
3750
4530
2388
4634
5550
4380
764
2302
5150
3248
2144
5188
8936
8860
3840
8104
722
1050
8238
192
7474
2308
4076
1378
7820
9500
5576
3570
258
3732
6106
7748
8290
3704
8632
8632
3746
8956
4476
3244
7088
9960
370
1826
9080
6618
9504
4772
9490
7084
7940
9266
9988
5756
1818
1222
9438
6556
170
3624
9392
5308
9138
4648
7714
5738
7426
5078
7746
1326
1984
2596
7446
196
376
2630
5404
4318
388
3958
9184
1524
8792
312
634
8448
2394
4790
276
7640
1746
3154
5862
7290
7568
5742
78
5104
8004
5830
1914
9630
3318
5950
506
1964
3614
7436
4244
6448
2930
1404
8818
7266
9406
3880
2150
6248
8428
3706
4484
6138
5974
7564
5780
8090
5036
5844
2640
428
9716
2822
2392
2168
3598
7138
732
6896
7734
6162
6906
3898
5076
4874
9756
688
1658
1982
2494
3472
2966
8892
1758
6528
1956
2818
7978
1438
9556
7088
9604
9336
9852
5830
3856
3816
1508
7318
5518
7098
250
2538
4160
5634
4900
5890
1564
2934
4122
3294
4614
5040
730
698
2482
4266
2572
8572
1180
3526
3792
1192
3602
2136
7792
5518
9912
3464
1666
524
8212
3464
4002
6696
88
6634
7706
2710
3500
2922
1248
4830
8314
5820
128
786
4862
7752
9890
1766
2732
3518
5778
6886
3848
9020
1458
3352
3216
482
4930
2720
7580
5054
5456
2200
2360
5192
4898
5756
3306
7586
8522
1088
