8389
467
2645
5859
9535
3887
973
2067
1897
6015
5965
1789
8535
2377
5513
8783
8167
2955
4679
4943
3487
2715
4721
3329
8827
2825
4915
1085
7591
5793
5137
6529
8293
9993
3817
9143
8183
9415
537
9173
5181
7697
3311
6789
5929
1449
2169
87
4717
6943
7311
8939
5657
269
8041
8229
7101
2375
1085
8407
6569
6237
9485
6985
6877
1183
9759
9387
9867
2441
7513
2385
4001
3631
3755
8249
6979
8471
3733
9813
1343
4733
5423
6837
8761
6115
6337
163
1529
7365
2677
7815
4815
7549
1051
8227
3807
3965
2333
7769
9019
2535
9745
921
9541
9041
723
4833
1875
4201
6315
7361
5195
6265
4369
527
7571
2597
2205
9479
587
8219
4973
8117
6151
3143
9619
4873
999
4113
2139
2037
3989
1529
2257
2563
5285
1103
9863
4231
4283
2797
4937
3637
5269
3941
5587
1017
3465
2399
1087
5671
9143
9299
8979
7569
6947
6407
3227
1561
1789
3419
5409
5267
4265
4157
4553
519
7179
5565
4067
6001
2859
6743
9673
5079
9247
4683
475
2621
1365
401
605
2757
3707
5479
2469
957
4021
8779
3629
5669
1731
7663
9777
8893
1441
9453
7295
5677
9197
1573
6201
9469
2955
6945
5389
4509
7787
773
7961
5865
3275
2697
3367
2827
2969
27
7027
2501
8533
9707
3657
9309
3041
9209
765
9803
5159
3459
7673
3225
1165
8125
8531
4417
1955
7505
457
2563
6883
405
2459
3883
9945
4377
2841
1563
7861
2349
6483
9801
6601
2603
2275
1723
2501
4443
3751
7529
8585
221
6085
5069
7261
689
5431
6171
9155
1935
9439
7637
3453
881
2545
3765
8509
7439
2829
5323
8171
1449
2443
8935
6635
9065
3947
5917
3935
2805
1755
839
6779
4579
2621
4325
4559
8441
6177
7561
8907
3725
1773
7107
5837
2151
4299
7911
4309
6015
911
2569
853
6249
2289
5709
983
193
5259
1781
9477
5537
8311
6527
95
6655
6533
6481
1863
6899
7067
2061
2261
3865
6267
6625
4737
5801
3295
3889
7443
4081
8413
7653
9177
5249
8735
2955
8783
8917
8567
1639
4843
7323
4585
187
8777
8117
427
3289
83
8433
5779
5135
5843
8893
6653
749
4439
339
7883
2549
463
4501
4013
6491
8107
9901
5711
2255
5949
9887
3967
211
2763
6901
9415
8125
7929
4837
5917
6261
2155
8045
3289
3965
4657
661
3165
3807
8519
5255
6391
2811
5603
5491
4919
273
9849
1353
8411
2863
8463
3241
5729
4139
6705
35
4945
6027
4159
8239
4241
2231
3611
2405
481
5435
7601
9733
4277
7841
8217
479
389
5183
2137
955
1529
1641
6717
4917
8553
6823
9573
7217
8415
2725
7895
909
4103
6275
8419
37
8213
6489
2595
8095
4101
5319
3103
453
5523
9307
871
7345
5491
2487
7515
6089
5799
1891
7815
2479
3245
3521
7339
1311
7937
2965
7377
2383
5803
9951
3979
2651
8711
6725
2347
8881
8399
4941
1749
3417
1015
4957
9401
5287
1803
595
1335
1237
2263
5725
6989
3877
8383
8383
1845
5733
4729
6273
6215
4801
1647
4143
3257
963
1953
2383
1955
4297
1249
7891
9693
3051
9405
1565
5965
1755
5613
9201
5839
2265
5183
9265
7627
9667
7545
4157
741
3423
2083
9335
8585
1737
2849
913
4389
9673
779
9903
1571
9521
6753
3577
3291
301
1213
5903
7253
7169
1321
355
6395
9991
3973
5921
3859
8801
5981
1759
6345
9075
5077
4651
9103
5801
2425
2069
1463
871
3817
2289
6425
7231
7895
5857
3815
8369
3693
6109
9597
5023
8709
5583
7419
2819
5611
8039
2997
8385
8323
457
8363
19
2281
4203
8441
8051
7719
9589
2713
1095
1735
781
2969
5051
9517
6507
9593
2081
8479
395
6135
4013
7207
7169
5257
8993
9793
8051
2441
5565
8421
5913
6087
3975
6727
8217
2295
2163
8867
6995
9785
3977
8315
9343
9143
6365
6283
9729
323
8591
431
151
3033
4983
5733
8051
5787
7445
8057
8359
5489
2399
1847
1409
1749
7997
5563
5695
2671
3511
2029
7355
6177
8801
7159
9687
9093
3891
7703
6231
1923
125
3421
2599
4671
3
8701
2137
1229
9053
9775
2489
3091
3371
155
8493
4171
9329
9919
3531
9013
5041
2721
7299
937
6663
1653
1331
1455
9459
161
7289
8241
2547
6723
1613
1929
8045
6883
9869
6685
6383
6457
729
1017
3187
3239
5631
6057
7183
215
7009
8325
4009
7111
2275
3779
9663
1657
7217
443
4575
8063
397
8973
9417
9693
3135
1515
2827
7203
5591
3725
4791
7731
5737
5163
6749
6547
3967
2111
8461
4827
1565
8169
5621
5607
3711
7953
2579
93
8689
8669
8609
1269
3813
7149
5175
1317
7641
5907
8425
6759
1775
3135
8291
5373
759
7495
497
2697
637
323
5743
759
9589
2599
3673
6677
4205
5935
5937
9611
5097
9155
8303
1629
2245
2775
8219
679
873
511
5925
1289
4491
1311
5133
9253
8413
1605
5095
303
895
3011
9731
5751
4753
3697
8743
1631
4247
7781
9169
9455
1693
6893
3181
2323
6685
6581
819
8237
763
6209
7455
9581
785
577
7433
6777
5985
7533
6641
3349
6957
4185
8273
6825
8713
5489
1971
4527
7239
7515
2953
2503
2839
8535
7759
9853
1353
5289
4093
9381
905
9207
9593
3249
2321
7163
5505
7957
6329
1291
3899
8251
2825
379
3807
4481
6715
5535
7957
9563
541
9819
8067
7467
1251
623
1955
897
551
9093
561
6429
7181
1467
9297
6125
4353
8509
9465
4621
1207
4749
3547
9633
3683
4073
2469
6367
4251
4003
4513
4943
6543
8289
7829
3815
2413
9733
3189
3237
3065
1975
4303
3941
5751
9783
3069
3517
917
8515
6261
7943
5941
6471
1267
7481
6887
8171
3329
1109
6361
715
7917
1875
4281
6161
5537
9105
2153
7383
3891
9099
5827
5853
633
3899
2033
3093
5963
1071
9399
6829
5077
7437
3371
5663
3883
7727
1413
8485
501
6323
8527
8247
3101
5669
545
2213
5531
9313
243
2549
9805
9651
5383
9859
8235
8783
2655
7185
1289
6241
857
2113
7441
3941
5269
7557
1095
69
7235
4283
1145
1665
2071
2319
4025
5813
9129
4591
2815
855
6761
8029
6947
6917
6635
7035
6891
3479
6703
8407
2115
8743
2441
5633
5271
7547
1675
7359
4435
8815
9019
6143
1177
4553
1079
603
7677
795
7975
8465
7303
9469
1889
1503
6317
2481
7855
7607
7605
6059
8171
6429
5313
9929
6319
7695
3903
1241
1319
8679
1929
8321
8813
2353
9787
2443
6289
6487
5675
1651
1853
5937
7631
9441
7547
7607
5127
1189
3565
3049
8037
3919
3513
5355
771
4993
3613
7485
4429
9035
9931
9941
3571
5135
5999
1659
5533
4703
3039
6629
5265
9243
9251
1401
5551
5963
2695
7137
1421
6279
293
1671
7999
1061
9167
7593
8693
5253
2317
2421
4609
9783
4569
559
1153
6737
387
5463
7843
477
6135
3201
31
1407
2083
9909
915
2691
4235
6743
7673
7785
2781
7825
4041
3255
7303
9769
9877
1923
5291
1063
3101
4461
8015
8401
3051
795
2589
483
2999
9869
1893
8541
9593
2353
1439
8139
4177
245
2951
5845
8561
9851
9535
8389
1921
719
8475
7455
6267
2113
3153
183
709
5991
4541
6517
1413
1625
1153
3675
2643
9383
8395
3567
5131
2643
8793
2709
1483
9423
7595
8355
7933
3337
1493
7019
7261
4839
585
6951
6323
3035
4005
4577
1535
9125
1523
5167
4879
4145
45
4173
4835
953
9335
1573
5691
8035
9503
7223
2767
243
6617
469
727
4843
7467
7177
2991
3783
8977
8881
5959
2119
2455
2153
9161
7579
7679
2763
107
2149
3741
3515
1223
3975
5591
9223
2769
5877
2931
4683
1413
3581
2669
3457
5533
2233
2903
269
3471
737
1035
2337
6335
3001
1155
9067
1507
2119
815
3749
5551
3789
8069
2181
2715
1701
5079
6015
8463
1753
1729
8789
23
9017
2963
2269
3231
7875
1963
4695
2411
9827
7721
6069
2929
9807
895
8143
4499
1539
5711
3051
3427
4591
5423
5907
4875
1483
5113
5689
5559
5585
4343
543
2757
9259
7157
6469
2961
777
2539
1929
8179
869
4741
1899
6753
1603
7165
123
5997
2299
6989
2291
4409
3503
1471
979
5777
9423
7107
3739
9133
9199
6391
5211
8825
6497
1207
3651
7955
3531
8561
9859
1833
7679
929
5715
9573
7629
8933
7605
263
9451
7293
8115
3155
5909
5567
5663
5699
3585
2991
4145
9347
6143
4693
1977
7969
9599
1017
3135
7595
5737
2911
7205
373
4311
8299
8807
4741
6535
185
4711
7411
9417
9173
1441
7183
6243
4183
561
2129
9479
1743
5299
6569
9403
341
5973
3043
3611
1527
9563
3157
5471
2101
3783
2641
1901
3619
7967
1701
2053
7375
5895
8939
3821
7531
8957
8753
4013
1005
8483
8763
4969
1339
9653
1039
697
1349
4993
355
7493
1851
1721
7427
4923
237
7195
467
8505
7467
125
47
7605
1773
2395
911
1469
1105
1021
8249
7895
3227
8005
5245
6621
6341
3359
2891
1703
7181
3605
8501
8647
683
5187
8259
9997
6627
4465
9643
9057
2791
8725
4701
4655
9053
1185
4479
9865
2197
4765
3355
5505
4829
6713
9749
6063
5149
877
3343
623
7671
4389
4399
1217
4747
5693
7649
2407
4485
3921
8869
4597
2001
1663
9241
5673
6613
5697
4293
1035
523
2441
3885
8981
8143
313
1369
9453
6207
8771
189
6101
9277
8835
8787
4603
4697
2903
8097
6337
6111
7725
5351
8669
9849
2577
7921
4571
8923
1415
1875
81
5471
9039
8553
5261
4775
1397
6985
4273
2251
2537
7959
9939
2029
9177
9209
4945
9371
6807
9299
7443
5597
9995
3773
5669
3545
877
6121
7529
6741
4637
2527
5657
1087
3987
1789
3211
1251
9453
225
4753
5545
9975
2891
8063
6641
9469
6747
9537
6353
3891
8413
3649
9351
6365
4447
4773
5579
2463
1929
3211
7179
7365
4893
6859
1797
4255
393
6897
8127
3649
319
9221
3907
243
367
3211
7529
1013
4851
6793
9125
6071
6919
2349
6101
5845
3813
3437
7121
6667
5503
8903
2871
5747
5373
3243
2423
5337
9533
9723
1809
3385
1861
5077
7425
2317
43
1403
9053
6011
9423
5341
4447
3037
7181
4483
4779
4737
9879
3809
1663
115
9669
6273
3287
4377
4177
7393
923
7721
6829
9069
6289
1453
8295
4019
6421
8199
7885
3727
8705
365
8551
3163
9263
2373
2365
4435
4867
5673
2975
9893
2033
1687
4147
1739
8035
4247
2339
5095
1503
9993
6109
145
6335
7545
191
5837
9897
8179
4571
6025
3973
1421
6427
2301
663
4333
7505
5499
2433
4773
7303
2687
207
257
5529
4731
9395
7605
363
3515
2635
6707
2599
2503
1889
4251
6611
6669
6055
3841
5627
1635
1165
1479
4953
1565
8603
559
1309
7839
8685
2591
5485
6241
8403
275
9205
2823
2211
191
4095
7825
7395
4079
1951
6099
8397
8255
7437
2325
5501
8791
3189
6537
583
5693
3261
2843
1523
9025
8305
7131
8651
9719
7819
7445
6987
5121
6259
329
7913
1565
4363
8307
8315
4437
6297
4915
2359
7379
2067
6297
2405
7447
2271
4465
2927
8317
3345
6599
5833
4573
5481
9033
9871
4549
6895
4339
1289
6769
1493
7877
6531
1191
9987
759
2309
9353
1113
6819
5553
355
4709
3819
365
3309
7607
8165
2165
9465
5623
2623
5085
3185
4843
6125
8431
6167
6755
7421
7813
6771
7555
735
7079
7721
3749
7601
4197
8821
5731
6161
2329
5039
2083
8117
3927
481
3659
3155
2563
3599
7987
8557
4713
539
6431
9853
8535
4735
7963
6491
2541
3239
5479
9079
7529
3437
6259
4221
219
171
7867
2283
4385
7435
6095
2379
3279
3415
4139
483
495
4545
1349
8227
2383
6325
9729
4129
3483
237
6275
6335
273
5339
6131
7693
6787
7507
3711
979
4529
111
7057
5323
9533
9795
9771
8815
3351
4895
833
6125
367
6771
6033
8547
8941
951
1977
9573
9497
6019
9965
617
3365
8301
1435
8119
9813
497
7049
9553
7417
9895
9885
6595
5293
5675
2559
8425
1697
1229
5611
7059
6665
3465
5499
3189
165
3865
6817
5955
4991
1365
2255
9657
5939
4485
9439
5753
9097
9713
1751
1995
1963
7795
5273
549
4737
4015
3427
5981
6159
6397
4491
1691
7965
8553
2887
4119
3433
5283
625
9091
8161
7779
1577
7143
4081
2671
6199
8159
7899
933
8133
3863
7431
927
573
869
41
8393
1057
6059
8621
5849
685
7625
5525
2125
7543
4463
3109
967
7977
3887
7323
173
6717
7635
4179
577
6531
6109
4235
1675
7871
9033
2723
7223
7679
3253
7169
9131
1695
3437
8603
1115
8763
7319
2161
6995
8105
4827
2565
1831
3351
3845
3785
3041
4379
3895
1597
213
4253
5977
4751
149
5729
2095
8279
4971
8851
2547
5173
1479
4437
5823
2905
4889
3735
7711
3775
4591
3479
5087
169
1961
9771
8723
3787
5773
555
3755
1403
2987
1941
8917
2285
5683
3291
3021
6297
8737
33
8469
7709
2375
3633
2179
179
887
347
4081
9589
3373
1891
3697
5311
3995
3707
8557
9957
1061
5319
9705
1125
9989
9145
4593
3329
9651
1651
465
6157
3543
8065
6207
4247
1777
4777
9231
3123
5603
8705
993
4145
6393
1059
7333
8121
7445
2225
8575
1591
7129
2103
4607
9801
8791
6385
6153
359
291
4657
5017
5493
3841
4651
1119
83
4681
5401
5363
1167
3911
8881
8733
9427
9035
3279
4147
435
3599
3721
4289
8231
5617
4571
7615
2117
5081
4711
8849
2439
7447
7179
5229
543
1375
9139
3587
2311
5709
8381
8739
983
6257
8823
7921
9095
3711
5407
9499
5017
7121
9621
8323
2169
695
865
3483
8329
6123
9275
1965
363
9707
2297
2771
4979
9625
3853
9281
6525
9499
8165
3995
7831
5021
371
4665
7313
1255
5665
3553
7357
8207
4189
7349
6473
9027
261
7869
5491
851
6341
9289
2873
9023
6021
9339
4631
6305
253
4065
4789
3069
1069
3795
2227
2823
6719
7911
903
2093
9845
6155
6697
9651
9269
7473
467
8163
2447
4461
5443
5545
2445
3003
9399
3739
3575
5183
4539
765
1489
3869
1625
9695
1775
7889
9523
1889
1305
2149
1783
3947
5417
8373
2337
3913
259
9099
1927
9475
1873
3517
5307
9559
9871
137
4309
2863
2023
8507
4809
9295
945
3571
7211
367
9235
9685
3327
7439
1713
8757
3127
3865
6191
6251
4223
5989
3377
3477
1043
9455
6517
2569
6929
4337
8775
7903
9651
4067
1545
9663
6099
6523
4603
8893
5785
7841
5081
8341
3569
6709
9201
5631
5195
9919
5705
5649
4731
3525
7509
6661
2495
409
8895
5919
2269
6407
6951
901
6677
1825
2449
5273
7013
4733
4855
1441
1135
8133
5611
5553
2787
2995
9221
209
5183
147
2803
4921
7271
1
8183
7727
2155
1283
7127
9843
4389
1887
3297
5379
235
2107
1151
31
1929
7973
9587
6535
3399
3447
7795
1091
8045
2787
1659
4863
119
3633
9085
5651
7005
4017
7773
8311
7569
9699
8471
9389
87
657
2395
7185
5115
1479
4901
2731
9887
8147
4955
2817
7023
4121
4315
8829
6081
7693
1735
5165
799
2995
6363
1375
5793
9661
2851
1181
5885
8941
5543
2637
5651
2605
811
143
4655
8651
4425
3355
5451
7269
5631
2455
2573
2917
2889
1425
7679
7405
6565
4613
3569
1385
4459
839
7331
7661
5215
8901
5987
3425
5569
7777
3129
2819
6067
445
5255
6823
8665
6625
7159
6023
295
8425
6099
3225
1589
8891
1683
7831
6769
4331
6401
5657
8267
7793
2931
561
3079
4869
7905
833
6015
8421
5081
5663
5847
2481
8891
207
8303
9409
475
6221
5717
2391
7475
6209
9249
5127
4547
8607
5963
9345
4779
1755
4913
581
1487
9831
7807
8241
8593
941
4765
7749
221
4359
4065
7765
9767
9965
4499
6913
1701
8499
8757
1393
9387
3995
6279
5317
941
2565
4395
8463
9815
9843
8887
8807
145
333
1731
6813
4323
7711
9087
7119
9347
7447
4131
6567
1409
8039
8239
5667
7199
3385
1451
5
2871
2199
7265
9737
9853
8449
5983
3767
925
8735
9393
7737
5293
2751
5743
2519
3625
9639
5797
8073
8527
1051
1965
285
2243
1733
6391
6087
1999
2847
7501
8775
6969
6795
5051
91
8661
7031
5955
4755
443
979
4223
9465
2237
7735
875
8769
3837
6411
7579
1883
1045
4437
1703
2073
3733
4963
7993
2667
5239
1019
981
6415
5963
1613
2381
9633
3325
5403
9825
8845
8345
7507
9763
3349
7757
4691
2881
7209
4035
2001
6979
2831
6627
509
3839
6297
1009
9655
5885
7379
6417
7109
1075
6589
5945
6157
6411
8407
9363
6475
3393
9813
6875
3277
4923
1481
7421
2861
8977
8571
6517
5863
5575
1505
7281
7723
1089
2455
3953
7329
9551
91
2335
6889
5763
9887
5957
9037
7483
4493
7135
9089
5515
3421
2265
6909
6635
963
6385
131
333
973
6265
1751
9499
9619
6115
8343
2953
1099
6607
7711
5359
7945
6731
2373
3151
6537
2103
3503
3167
7429
3555
1579
515
8549
4003
507
8023
5751
2955
159
2711
8351
8357
4233
4969
9575
1793
6863
2963
5489
2295
3237
8715
3733
4419
8793
5395
545
61
7213
2771
1887
7449
351
509
9461
5063
7289
6877
4553
1409
5383
6089
2813
3845
7319
3341
2477
7265
5973
681
33
6131
7335
8071
8321
8807
6499
4293
6629
5767
909
2245
8465
7109
1579
505
4663
4525
9683
4425
1465
1651
9707
7943
9001
5299
6935
6017
6347
6405
8991
9235
3361
4019
5899
4891
9533
1025
133
129
3997
7079
2245
6471
5073
7871
9977
2549
5629
6095
8461
6109
1509
5679
9063
4245
3577
8983
5463
3627
9353
1931
3099
4951
6781
3517
1465
2373
7919
3769
2877
8859
2345
145
825
2073
7217
7847
9333
6471
9303
2813
5635
8413
7875
2071
1943
6491
2153
9963
6141
8327
891
1127
5691
3111
6959
4861
205
3847
6623
1989
6065
3441
1153
2591
7483
3359
2705
3847
3079
1107
6923
9987
651
463
5201
7541
9189
7007
1757
4093
4629
6819
3841
5833
5377
8253
4287
875
5259
3205
7507
4715
7
8835
4667
5547
8989
1903
1437
8327
9035
4577
6279
1109
4151
6263
3739
6345
6907
5601
4181
8313
9025
3493
4177
8355
8845
3765
6599
7033
857
6797
1819
7633
1947
7999
5943
3821
839
4103
9859
7635
1799
5657
6905
5587
4139
8673
1387
4395
7799
4361
591
1261
3941
3131
1423
3067
7823
1667
7581
1447
4475
1297
3149
8833
679
1987
1415
7661
9325
6379
1435
6201
7627
3563
6097
7239
7155
9409
2915
4717
1169
6767
241
8005
3795
4119
2041
5035
9903
6285
9669
9941
4479
3685
4131
2723
8453
4515
3993
6047
2709
8643
1593
9873
8661
5949
331
7809
8093
1335
7107
4101
3619
285
6009
7265
5703
4949
2869
7399
4313
9707
3813
6563
2241
8027
2633
2439
3747
2405
4641
3083
7933
9791
4135
3397
2127
1973
4519
3029
9069
2675
2091
8527
3673
7411
7941
7333
6879
2741
4279
1557
7559
1213
6715
4603
4569
7437
6025
3889
7765
895
8373
411
6671
9181
337
153
9269
4977
8397
4669
9705
2703
9379
4859
9733
111
2607
7023
3231
4937
6091
9311
1821
6287
6979
8309
551
4129
3441
1661
7299
7919
5775
6409
6881
5683
2985
4283
8297
6029
1999
7265
2361
5447
6371
5475
3139
8391
4101
1363
4669
407
6655
9599
4653
8871
9493
5461
3661
4955
5991
7961
6697
5079
3541
5695
585
6513
4667
2329
7271
8545
8203
4155
6575
69
2807
2765
603
7563
5517
2375
7165
2519
7569
4651
5209
5905
1667
7419
157
175
8875
7931
2429
367
1607
6591
3445
9347
1231
8233
5353
4697
8387
9801
3825
2723
9265
1481
9795
1339
4149
7485
4481
1423
9347
1007
6579
4025
5337
3011
7511
2027
4583
4163
3113
5531
1095
7639
381
3069
5861
3661
6267
3039
8179
659
3245
7645
5645
6889
3459
5223
1147
4895
7923
2209
5419
7107
3003
5927
963
3765
4327
7177
9033
5601
519
4797
9405
8685
4629
1701
7265
1581
6875
6417
9537
7645
3341
9571
9701
5909
6021
2549
7819
1633
6773
1569
8641
6959
4903
9445
3521
5683
3951
7587
2337
7805
5029
3155
5353
5935
5939
7275
6259
7977
8749
7513
3433
5061
139
2003
7573
7317
9655
6713
589
6443
9629
5691
2765
9053
3851
3405
8333
2237
7139
1009
8083
6729
5741
3037
5757
9061
8359
1197
7537
9931
3245
7757
2075
1381
7363
6833
3829
4671
827
4345
7125
8397
9451
6945
3201
3691
511
3811
5955
2137
8083
547
6127
3553
3325
5899
4825
9093
2089
1661
7217
7557
3287
7241
7731
195
3267
5221
3
7567
7859
5547
1585
995
465
9763
8963
1491
2575
6687
1293
5901
2349
5701
469
4831
2949
4815
2513
9419
1981
8371
8721
2477
8611
185
921
9299
2165
2751
4699
9783
1345
8955
5933
1549
995
7711
3245
6843
9
6141
965
2399
6321
3851
1775
981
9365
9657
3649
1683
8949
8335
8739
3171
9697
3405
2437
7229
7111
6321
5903
4971
473
2699
5949
4453
1175
7919
8709
8301
2661
1293
2719
1541
4079
4953
9297
6755
3087
1893
349
8719
347
2023
4389
2541
3279
6687
5969
2897
463
3949
4875
1931
7351
3017
7723
7373
2165
8165
2963
1293
1875
2383
3523
6357
5915
4093
7887
7391
1827
5979
5687
4967
4027
4915
2775
8847
6829
3025
3069
9577
4555
6087
6971
7115
9075
7093
5055
1473
3767
95
4583
45
5725
3797
5049
8539
1967
2759
4587
8159
3417
3111
1703
4467
4903
6179
1453
7507
9695
4907
923
1083
7743
8999
9199
9243
2075
3105
8665
9541
7721
811
383
8511
9797
1553
8447
5853
1003
6873
3927
1641
9863
7851
3563
8277
3103
867
6467
6787
2623
549
4337
4549
7651
5447
1581
1505
9213
2965
245
63
2887
4269
3193
5129
6523
3269
4597
4555
9187
4415
6905
8433
7719
285
8999
3295
123
1399
195
189
4707
8699
7211
7019
4289
7559
1375
409
103
735
8635
2811
6047
293
5041
6049
3029
2681
5291
423
7947
3777
2111
9187
765
2509
9759
179
8883
2923
8607
1461
9847
8737
8153
1943
7415
4781
181
1077
8525
879
6101
337
3489
3967
6483
9167
2909
2787
9857
8341
1679
4527
5563
9881
3947
9781
6365
8919
6835
2611
3327
6879
1329
4915
9233
931
8187
699
8065
7957
1157
8481
3997
6315
5779
3527
4113
2909
193
261
3605
8625
239
8965
5439
6669
5009
3053
3929
8139
9365
4409
3067
2559
8079
3355
503
9085
5331
6383
983
9467
6879
8603
6027
5021
6581
1701
1167
8517
6711
2243
2827
4651
4293
3375
8947
3927
5769
881
4483
7649
1873
4533
8303
6109
9925
7843
2305
211
8725
9479
659
5465
4539
7331
8193
4341
3445
6303
779
4127
9527
7217
367
6019
5071
7835
4589
1123
5813
5877
6363
4679
1123
751
3723
4739
9757
7977
3531
321
3737
8031
4033
5231
5967
1585
173
8401
9753
9771
8567
8447
1953
4673
4847
3981
4489
6793
831
3603
5897
377
5287
2579
9985
1
8485
8385
9165
7571
7301
543
213
1781
9185
577
6795
1775
19
171
1761
5927
9785
3523
3377
4411
8201
1129
8351
8907
5273
4641
6363
1931
659
8795
1365
8595
9519
7979
6969
7557
259
5971
8139
5909
8557
1511
837
7763
6267
5949
525
5595
9363
3907
5997
7333
4825
5287
8645
7999
2869
3043
2831
2215
8343
3057
5843
7523
1043
4289
9979
1257
943
8795
6025
7513
3015
4761
9673
4325
5199
7695
5635
5347
9707
3685
4573
8063
5375
5177
4117
6639
9477
6721
4941
8583
1019
8957
4491
6091
9269
6507
7697
1257
3753
5457
1357
723
2855
1897
467
7769
1943
1723
6867
7907
789
7959
1845
621
1589
4653
5865
4415
9065
9751
8977
7607
2193
9057
4117
9281
8489
3811
577
5417
4511
1169
335
5977
2359
3157
6545
2663
7967
8203
5801
4135
1477
5923
7101
2519
8119
3491
3089
9963
7971
4183
6429
4425
699
5201
765
6923
2431
3837
2043
1761
4877
1375
3279
3653
641
4805
4741
9337
7191
9499
21
5777
9361
447
2211
9945
6943
199
4629
2199
3001
9287
5495
2993
9925
5223
765
8083
1289
591
2491
8139
983
6053
4099
5741
9777
979
2743
6383
8393
1229
4477
9355
3903
9385
115
1585
6835
5621
4139
2271
2963
7355
3469
5987
7937
9609
9063
4979
8853
2943
9757
3089
3
347
7541
987
4143
3107
6751
9859
1667
7973
4915
359
6517
5507
1793
385
3553
3623
5151
4011
6619
1725
5097
157
6951
485
131
4831
5523
3803
2283
4697
4505
3859
6131
8669
4821
7949
8225
6385
3665
8649
7303
2205
3667
3137
2351
6959
3251
1151
2473
8887
9505
2761
4585
2175
8527
2395
1271
647
6555
7371
1509
1879
293
3067
8381
5729
3185
2247
1767
9469
2587
3623
821
6465
1049
1309
8017
6449
5647
8929
8981
9973
9883
8055
4891
6183
3235
6609
2469
8859
7205
4711
7605
1229
2985
3021
1079
5737
425
6727
3611
9487
8151
1361
7031
4569
1731
3271
9977
1107
5405
8129
2559
6089
723
3603
4647
9245
4805
8831
579
1133
7803
2807
5195
8853
95
9475
9471
7187
8897
3057
5753
6149
8031
6797
9807
7481
7323
5233
7539
3691
285
1115
9071
3795
9521
4211
9575
4161
4369
2937
3605
2985
3865
1491
1549
4713
4693
2511
9405
6947
5593
8391
3091
3547
6855
193
8541
5179
9107
6951
6383
5497
2187
1451
5069
5743
6575
6895
5047
8549
3249
9281
5047
3033
1871
1511
6025
6169
9803
6325
837
6479
8723
397
8947
3543
7547
3585
3407
9235
4655
6473
3775
8607
7915
2031
3053
3725
5549
8661
821
8415
8125
2047
9447
7743
333
6987
8443
5173
683
2809
7101
2421
7795
7637
2067
2399
8511
7453
9187
1749
4067
4643
1457
3575
8003
3005
6635
7935
8191
4113
7175
2177
6333
6739
8517
707
8213
1207
5991
1317
6569
3057
2501
1529
4829
8983
5197
6801
607
4415
5649
1177
8053
801
323
8893
4741
6015
4107
5661
9169
7559
9445
65
6783
9307
6383
4383
5779
9607
7145
8757
1607
7639
1517
2153
5491
9937
3269
5093
6771
9015
6577
2909
4735
3491
1175
705
1811
5993
93
5459
7171
4497
787
985
201
6349
9335
6363
3117
4863
9839
6109
7283
6965
7583
5159
7139
1399
6729
6335
9509
2839
1903
3277
8287
7085
7597
5139
117
127
6437
3003
5507
6995
4889
3237
6481
3225
8109
5659
4331
4303
1277
8307
5531
5285
9243
9305
3053
6085
6167
9639
883
4407
781
5993
665
8629
2737
217
1931
4741
7149
6703
7379
5295
5263
5161
1915
7131
4755
457
3003
3707
3285
1487
4227
5125
6655
8023
3149
7679
6679
1849
7381
1351
7183
1223
4561
7223
6247
2691
3087
9731
1829
1681
7307
1587
1629
185
2259
3723
7189
2441
4183
5927
2887
2257
3241
1133
4221
3397
565
9193
5739
4757
8189
3755
5949
1443
8577
7695
391
8515
6329
8961
4061
1523
8629
7295
3191
4413
9059
6661
3449
2495
3367
6945
669
7151
4525
9817
4547
453
3535
3949
6571
2817
3669
2507
8221
8153
3247
8701
9975
5843
5767
6477
419
1329
9277
2077
1993
7017
4171
1825
3965
3695
5685
6987
8859
3803
7397
5599
4925
2827
2951
6565
8677
7167
3867
4075
8313
2007
4889
7433
8889
541
391
4673
4417
651
2431
7201
2391
2551
3991
569
1305
8127
2369
3701
223
6509
3321
7531
5095
101
7411
5849
6323
1405
387
9965
7743
5015
9157
4141
9253
4299
3449
5177
5437
1195
9553
3805
499
2683
5883
4043
9
6821
6627
4577
7901
7991
8053
3835
6169
5951
9947
703
7547
2261
4319
9973
1953
8047
6535
5253
4425
1821
2929
9039
6059
8305
6253
7053
7333
843
6035
95
3559
2011
5113
8365
4953
5595
2791
8577
5375
2089
7557
9043
647
1141
8957
4941
5215
6157
5821
1629
417
6585
5029
9445
6423
1717
8125
1907
1197
8233
6393
9803
9347
1553
4249
7117
719
3289
5903
4723
3781
8311
8813
429
2929
1693
4833
8833
8703
8221
9077
6399
2795
127
8323
455
8379
6111
3025
1185
5473
8043
7679
7483
2989
7997
4127
7137
685
429
9545
3981
8381
8819
9681
6107
3165
299
257
4851
3509
5907
617
8557
4113
5201
3159
503
7147
523
5823
8453
1463
1617
6033
4127
9199
3703
1977
863
3903
6861
1563
2225
5953
819
9051
4527
2207
8685
8257
8803
7971
2961
5013
2391
2013
209
3083
5801
8465
387
5613
7453
6535
2963
3055
1197
6161
7709
6143
8783
2865
5177
6223
2677
4857
7243
6557
6779
6331
4221
2713
1817
6867
3387
3427
2987
289
7725
6979
7135
4361
8053
811
9901
6437
9873
3877
4765
389
1839
1711
4531
1023
2643
7251
3989
9569
6845
4351
8791
6301
4181
1315
2055
4123
3361
6533
4889
525
3667
8785
8751
7277
5253
565
3689
4253
4667
5599
6283
3997
9775
6607
9233
9363
357
9681
6629
9025
6687
583
7485
7437
3069
6155
3391
3803
5183
155
2009
1457
2255
1629
4565
2715
9429
5395
7271
5029
6365
2887
3945
6625
4051
145
5111
6277
3975
7465
955
8237
1953
2673
6243
2017
3863
6321
1349
3959
6215
1591
8213
6069
465
6949
1827
37
5
6875
391
5585
909
7743
8167
9007
9471
1365
9531
1345
6577
6601
3453
7027
4371
9833
7493
5329
1261
8105
171
5829
4627
3621
3131
5701
3519
6151
5351
8807
5369
5383
6055
743
5377
8811
7049
1591
9513
5741
3045
4005
9079
7235
1733
4329
2083
9197
8797
9427
8335
7287
2725
7169
7711
6579
5491
9309
1455
8291
6963
9073
2677
4419
919
2423
9381
5245
